ms0001 -1 2 1 -2 -2 | 1 2  # n=1 w=y^{-1} L=7 class=
ms0002 -1 2 2 1 -2 -2 -2 | 1 2  # n=2 w=y^{-1} L=9 class=
ms0003 -1 2 2 2 1 -2 -2 -2 -2 | 1 2  # n=3 w=y^{-1} L=11 class=
ms0004 -1 2 2 2 2 1 -2 -2 -2 -2 -2 | 1 2  # n=4 w=y^{-1} L=13 class=
ms0005 -1 2 2 2 2 2 1 -2 -2 -2 -2 -2 -2 | 1 2  # n=5 w=y^{-1} L=15 class=
ms0006 -1 2 2 2 2 2 2 1 -2 -2 -2 -2 -2 -2 -2 | 1 2  # n=6 w=y^{-1} L=17 class=
ms0007 -1 2 2 2 2 2 2 2 1 -2 -2 -2 -2 -2 -2 -2 -2 | 1 2  # n=7 w=y^{-1} L=19 class=
ms0008 -1 2 1 -2 -2 | 1 -2  # n=1 w=y L=7 class=
ms0009 -1 2 2 1 -2 -2 -2 | 1 -2  # n=2 w=y L=9 class=
ms0010 -1 2 2 2 1 -2 -2 -2 -2 | 1 -2  # n=3 w=y L=11 class=
ms0011 -1 2 2 2 2 1 -2 -2 -2 -2 -2 | 1 -2  # n=4 w=y L=13 class=
ms0012 -1 2 2 2 2 2 1 -2 -2 -2 -2 -2 -2 | 1 -2  # n=5 w=y L=15 class=
ms0013 -1 2 2 2 2 2 2 1 -2 -2 -2 -2 -2 -2 -2 | 1 -2  # n=6 w=y L=17 class=
ms0014 -1 2 2 2 2 2 2 2 1 -2 -2 -2 -2 -2 -2 -2 -2 | 1 -2  # n=7 w=y L=19 class=
ms0015 -1 2 1 -2 -2 | 1 -2 -2  # n=1 w=y^{2} L=8 class=
ms0016 -1 2 2 1 -2 -2 -2 | 1 -2 -2  # n=2 w=y^{2} L=10 class=
ms0017 -1 2 2 2 1 -2 -2 -2 -2 | 1 -2 -2  # n=3 w=y^{2} L=12 class=
ms0018 -1 2 2 2 2 1 -2 -2 -2 -2 -2 | 1 -2 -2  # n=4 w=y^{2} L=14 class=
ms0019 -1 2 2 2 2 2 1 -2 -2 -2 -2 -2 -2 | 1 -2 -2  # n=5 w=y^{2} L=16 class=
ms0020 -1 2 2 2 2 2 2 1 -2 -2 -2 -2 -2 -2 -2 | 1 -2 -2  # n=6 w=y^{2} L=18 class=
ms0021 -1 2 2 2 2 2 2 2 1 -2 -2 -2 -2 -2 -2 -2 -2 | 1 -2 -2  # n=7 w=y^{2} L=20 class=
ms0022 -1 2 1 -2 -2 | 1 2 2  # n=1 w=y^{-2} L=8 class=
ms0023 -1 2 2 1 -2 -2 -2 | 1 2 2  # n=2 w=y^{-2} L=10 class=
ms0024 -1 2 2 2 1 -2 -2 -2 -2 | 1 2 2  # n=3 w=y^{-2} L=12 class=
ms0025 -1 2 2 2 2 1 -2 -2 -2 -2 -2 | 1 2 2  # n=4 w=y^{-2} L=14 class=
ms0026 -1 2 2 2 2 2 1 -2 -2 -2 -2 -2 -2 | 1 2 2  # n=5 w=y^{-2} L=16 class=
ms0027 -1 2 2 2 2 2 2 1 -2 -2 -2 -2 -2 -2 -2 | 1 2 2  # n=6 w=y^{-2} L=18 class=
ms0028 -1 2 2 2 2 2 2 2 1 -2 -2 -2 -2 -2 -2 -2 -2 | 1 2 2  # n=7 w=y^{-2} L=20 class=
ms0029 -1 2 1 -2 -2 | 1 -2 -2 -2  # n=1 w=y^{3} L=9 class=
ms0030 -1 2 2 1 -2 -2 -2 | 1 -2 -2 -2  # n=2 w=y^{3} L=11 class=
ms0031 -1 2 2 2 1 -2 -2 -2 -2 | 1 -2 -2 -2  # n=3 w=y^{3} L=13 class=
ms0032 -1 2 2 2 2 1 -2 -2 -2 -2 -2 | 1 -2 -2 -2  # n=4 w=y^{3} L=15 class=
ms0033 -1 2 2 2 2 2 1 -2 -2 -2 -2 -2 -2 | 1 -2 -2 -2  # n=5 w=y^{3} L=17 class=
ms0034 -1 2 2 2 2 2 2 1 -2 -2 -2 -2 -2 -2 -2 | 1 -2 -2 -2  # n=6 w=y^{3} L=19 class=
ms0035 -1 2 2 2 2 2 2 2 1 -2 -2 -2 -2 -2 -2 -2 -2 | 1 -2 -2 -2  # n=7 w=y^{3} L=21 class=
ms0036 -1 2 1 -2 -2 | 1 2 2 2  # n=1 w=y^{-3} L=9 class=
ms0037 -1 2 2 1 -2 -2 -2 | 1 2 2 2  # n=2 w=y^{-3} L=11 class=
ms0038 -1 2 2 2 1 -2 -2 -2 -2 | 1 2 2 2  # n=3 w=y^{-3} L=13 class=
ms0039 -1 2 2 2 2 1 -2 -2 -2 -2 -2 | 1 2 2 2  # n=4 w=y^{-3} L=15 class=
ms0040 -1 2 2 2 2 2 1 -2 -2 -2 -2 -2 -2 | 1 2 2 2  # n=5 w=y^{-3} L=17 class=
ms0041 -1 2 2 2 2 2 2 1 -2 -2 -2 -2 -2 -2 -2 | 1 2 2 2  # n=6 w=y^{-3} L=19 class=
ms0042 -1 2 2 2 2 2 2 2 1 -2 -2 -2 -2 -2 -2 -2 -2 | 1 2 2 2  # n=7 w=y^{-3} L=21 class=
ms0043 -1 2 1 -2 -2 | 1 2 2 2 2  # n=1 w=y^{-4} L=10 class=
ms0044 -1 2 2 1 -2 -2 -2 | 1 2 2 2 2  # n=2 w=y^{-4} L=12 class=
ms0045 -1 2 2 2 1 -2 -2 -2 -2 | 1 2 2 2 2  # n=3 w=y^{-4} L=14 class=
ms0046 -1 2 2 2 2 1 -2 -2 -2 -2 -2 | 1 2 2 2 2  # n=4 w=y^{-4} L=16 class=
ms0047 -1 2 2 2 2 2 1 -2 -2 -2 -2 -2 -2 | 1 2 2 2 2  # n=5 w=y^{-4} L=18 class=
ms0048 -1 2 2 2 2 2 2 1 -2 -2 -2 -2 -2 -2 -2 | 1 2 2 2 2  # n=6 w=y^{-4} L=20 class=
ms0049 -1 2 2 2 2 2 2 2 1 -2 -2 -2 -2 -2 -2 -2 -2 | 1 2 2 2 2  # n=7 w=y^{-4} L=22 class=
ms0050 -1 2 1 -2 -2 | 1 -2 -1 2 1  # n=1 w=x^{-1}y^{-1}xy L=10 class=
ms0051 -1 2 2 1 -2 -2 -2 | 1 -2 -1 2 1  # n=2 w=x^{-1}y^{-1}xy L=12 class=
ms0052 -1 2 2 2 1 -2 -2 -2 -2 | 1 -2 -1 2 1  # n=3 w=x^{-1}y^{-1}xy L=14 class=
ms0053 -1 2 2 2 2 1 -2 -2 -2 -2 -2 | 1 -2 -1 2 1  # n=4 w=x^{-1}y^{-1}xy L=16 class=
ms0057 -1 2 1 -2 -2 | 1 2 -1 2 1  # n=1 w=x^{-1}y^{-1}xy^{-1} L=10 class=
ms0064 -1 2 1 -2 -2 | 1 1 -2 -1 -2  # n=1 w=yxyx^{-1} L=10 class=
ms0071 -1 2 1 -2 -2 | 1 -2 -2 -2 -2  # n=1 w=y^{4} L=10 class=
ms0072 -1 2 2 1 -2 -2 -2 | 1 -2 -2 -2 -2  # n=2 w=y^{4} L=12 class=
ms0073 -1 2 2 2 1 -2 -2 -2 -2 | 1 -2 -2 -2 -2  # n=3 w=y^{4} L=14 class=
ms0074 -1 2 2 2 2 1 -2 -2 -2 -2 -2 | 1 -2 -2 -2 -2  # n=4 w=y^{4} L=16 class=
ms0075 -1 2 2 2 2 2 1 -2 -2 -2 -2 -2 -2 | 1 -2 -2 -2 -2  # n=5 w=y^{4} L=18 class=
ms0076 -1 2 2 2 2 2 2 1 -2 -2 -2 -2 -2 -2 -2 | 1 -2 -2 -2 -2  # n=6 w=y^{4} L=20 class=
ms0077 -1 2 2 2 2 2 2 2 1 -2 -2 -2 -2 -2 -2 -2 -2 | 1 -2 -2 -2 -2  # n=7 w=y^{4} L=22 class=
ms0078 -1 2 1 -2 -2 | 1 1 2 -1 -2  # n=1 w=yxy^{-1}x^{-1} L=10 class=
ms0079 -1 2 2 1 -2 -2 -2 | 1 1 2 -1 -2  # n=2 w=yxy^{-1}x^{-1} L=12 class=
ms0080 -1 2 2 2 1 -2 -2 -2 -2 | 1 1 2 -1 -2  # n=3 w=yxy^{-1}x^{-1} L=14 class=
ms0081 -1 2 2 2 2 1 -2 -2 -2 -2 -2 | 1 1 2 -1 -2  # n=4 w=yxy^{-1}x^{-1} L=16 class=
ms0085 -1 2 1 -2 -2 | 1 -2 -2 -1 2 1  # n=1 w=x^{-1}y^{-1}xy^{2} L=11 class=
ms0086 -1 2 2 1 -2 -2 -2 | 1 -2 -2 -1 2 1  # n=2 w=x^{-1}y^{-1}xy^{2} L=13 class=
ms0087 -1 2 2 2 1 -2 -2 -2 -2 | 1 -2 -2 -1 2 1  # n=3 w=x^{-1}y^{-1}xy^{2} L=15 class=
ms0092 -1 2 1 -2 -2 | 1 -2 -1 2 1 -2  # n=1 w=yx^{-1}y^{-1}xy L=11 class=
ms0093 -1 2 2 1 -2 -2 -2 | 1 -2 -1 2 1 -2  # n=2 w=yx^{-1}y^{-1}xy L=13 class=
ms0094 -1 2 2 2 1 -2 -2 -2 -2 | 1 -2 -1 2 1 -2  # n=3 w=yx^{-1}y^{-1}xy L=15 class=
ms0099 -1 2 1 -2 -2 | 1 2 1 -2 -1 -2  # n=1 w=yxyx^{-1}y^{-1} L=11 class=
ms0100 -1 2 2 1 -2 -2 -2 | 1 2 1 -2 -1 -2  # n=2 w=yxyx^{-1}y^{-1} L=13 class=
ms0106 -1 2 1 -2 -2 | 1 -2 1 -2 -1 -2  # n=1 w=yxyx^{-1}y L=11 class=
ms0113 -1 2 1 -2 -2 | 1 2 2 -1 2 1  # n=1 w=x^{-1}y^{-1}xy^{-2} L=11 class=
ms0114 -1 2 2 1 -2 -2 -2 | 1 2 2 -1 2 1  # n=2 w=x^{-1}y^{-1}xy^{-2} L=13 class=
ms0120 -1 2 1 -2 -2 | 1 -2 1 2 -1 -2  # n=1 w=yxy^{-1}x^{-1}y L=11 class=
ms0121 -1 2 2 1 -2 -2 -2 | 1 -2 1 2 -1 -2  # n=2 w=yxy^{-1}x^{-1}y L=13 class=
ms0127 -1 2 1 -2 -2 | 1 2 1 2 -1 2  # n=1 w=y^{-1}xy^{-1}x^{-1}y^{-1} L=11 class=
ms0134 -1 2 1 -2 -2 | 1 1 2 2 -1 -2  # n=1 w=yxy^{-2}x^{-1} L=11 class=
ms0135 -1 2 2 1 -2 -2 -2 | 1 1 2 2 -1 -2  # n=2 w=yxy^{-2}x^{-1} L=13 class=
ms0136 -1 2 2 2 1 -2 -2 -2 -2 | 1 1 2 2 -1 -2  # n=3 w=yxy^{-2}x^{-1} L=15 class=
ms0141 -1 2 1 -2 -2 | 1 2 1 -2 -1 2  # n=1 w=y^{-1}xyx^{-1}y^{-1} L=11 class=
ms0142 -1 2 2 1 -2 -2 -2 | 1 2 1 -2 -1 2  # n=2 w=y^{-1}xyx^{-1}y^{-1} L=13 class=
ms0148 -1 2 1 -2 -2 | 1 1 -2 -1 -2 -2  # n=1 w=y^{2}xyx^{-1} L=11 class=
ms0149 -1 2 2 1 -2 -2 -2 | 1 1 -2 -1 -2 -2  # n=2 w=y^{2}xyx^{-1} L=13 class=
ms0155 -1 2 1 -2 -2 | 1 1 2 -1 -2 -2  # n=1 w=y^{2}xy^{-1}x^{-1} L=11 class=
ms0156 -1 2 2 1 -2 -2 -2 | 1 1 2 -1 -2 -2  # n=2 w=y^{2}xy^{-1}x^{-1} L=13 class=
ms0162 -1 2 1 -2 -2 | 1 2 -1 2 2 1  # n=1 w=x^{-1}y^{-2}xy^{-1} L=11 class=
ms0163 -1 2 2 1 -2 -2 -2 | 1 2 -1 2 2 1  # n=2 w=x^{-1}y^{-2}xy^{-1} L=13 class=
ms0169 -1 2 1 -2 -2 | 1 1 -2 -2 -1 -2  # n=1 w=yxy^{2}x^{-1} L=11 class=
ms0170 -1 2 2 1 -2 -2 -2 | 1 1 -2 -2 -1 -2  # n=2 w=yxy^{2}x^{-1} L=13 class=
ms0176 -1 2 1 -2 -2 | 1 2 1 2 -1 -2  # n=1 w=yxy^{-1}x^{-1}y^{-1} L=11 class=
ms0177 -1 2 2 1 -2 -2 -2 | 1 2 1 2 -1 -2  # n=2 w=yxy^{-1}x^{-1}y^{-1} L=13 class=
ms0183 -1 2 1 -2 -2 | 1 -2 -2 -2 -2 -2  # n=1 w=y^{5} L=11 class=
ms0184 -1 2 2 1 -2 -2 -2 | 1 -2 -2 -2 -2 -2  # n=2 w=y^{5} L=13 class=
ms0185 -1 2 2 2 1 -2 -2 -2 -2 | 1 -2 -2 -2 -2 -2  # n=3 w=y^{5} L=15 class=
ms0186 -1 2 2 2 2 1 -2 -2 -2 -2 -2 | 1 -2 -2 -2 -2 -2  # n=4 w=y^{5} L=17 class=
ms0187 -1 2 2 2 2 2 1 -2 -2 -2 -2 -2 -2 | 1 -2 -2 -2 -2 -2  # n=5 w=y^{5} L=19 class=
ms0188 -1 2 2 2 2 2 2 1 -2 -2 -2 -2 -2 -2 -2 | 1 -2 -2 -2 -2 -2  # n=6 w=y^{5} L=21 class=
ms0189 -1 2 2 2 2 2 2 2 1 -2 -2 -2 -2 -2 -2 -2 -2 | 1 -2 -2 -2 -2 -2  # n=7 w=y^{5} L=23 class=
ms0190 -1 2 1 -2 -2 | 1 2 2 2 2 2  # n=1 w=y^{-5} L=11 class=
ms0191 -1 2 2 1 -2 -2 -2 | 1 2 2 2 2 2  # n=2 w=y^{-5} L=13 class=
ms0192 -1 2 2 2 1 -2 -2 -2 -2 | 1 2 2 2 2 2  # n=3 w=y^{-5} L=15 class=
ms0193 -1 2 2 2 2 1 -2 -2 -2 -2 -2 | 1 2 2 2 2 2  # n=4 w=y^{-5} L=17 class=
ms0194 -1 2 2 2 2 2 1 -2 -2 -2 -2 -2 -2 | 1 2 2 2 2 2  # n=5 w=y^{-5} L=19 class=
ms0195 -1 2 2 2 2 2 2 1 -2 -2 -2 -2 -2 -2 -2 | 1 2 2 2 2 2  # n=6 w=y^{-5} L=21 class=
ms0196 -1 2 2 2 2 2 2 2 1 -2 -2 -2 -2 -2 -2 -2 -2 | 1 2 2 2 2 2  # n=7 w=y^{-5} L=23 class=
ms0197 -1 2 1 -2 -2 | 1 2 -1 2 1 -2  # n=1 w=yx^{-1}y^{-1}xy^{-1} L=11 class=
ms0198 -1 2 2 1 -2 -2 -2 | 1 2 -1 2 1 -2  # n=2 w=yx^{-1}y^{-1}xy^{-1} L=13 class=
ms0204 -1 2 1 -2 -2 | 1 -2 -1 2 2 1  # n=1 w=x^{-1}y^{-2}xy L=11 class=
ms0205 -1 2 2 1 -2 -2 -2 | 1 -2 -1 2 2 1  # n=2 w=x^{-1}y^{-2}xy L=13 class=
ms0211 -1 2 1 -2 -2 | 1 -2 -2 -1 2 1 -2  # n=1 w=yx^{-1}y^{-1}xy^{2} L=12 class=
ms0212 -1 2 2 1 -2 -2 -2 | 1 -2 -2 -1 2 1 -2  # n=2 w=yx^{-1}y^{-1}xy^{2} L=14 class=
ms0213 -1 2 2 2 1 -2 -2 -2 -2 | 1 -2 -2 -1 2 1 -2  # n=3 w=yx^{-1}y^{-1}xy^{2} L=16 class=
ms0218 -1 2 1 -2 -2 | 1 -2 1 2 2 -1 -2  # n=1 w=yxy^{-2}x^{-1}y L=12 class=
ms0219 -1 2 2 1 -2 -2 -2 | 1 -2 1 2 2 -1 -2  # n=2 w=yxy^{-2}x^{-1}y L=14 class=
ms0220 -1 2 2 2 1 -2 -2 -2 -2 | 1 -2 1 2 2 -1 -2  # n=3 w=yxy^{-2}x^{-1}y L=16 class=
ms0225 -1 2 1 -2 -2 | 1 2 1 2 2 -1 2  # n=1 w=y^{-1}xy^{-2}x^{-1}y^{-1} L=12 class=
ms0226 -1 2 2 1 -2 -2 -2 | 1 2 1 2 2 -1 2  # n=2 w=y^{-1}xy^{-2}x^{-1}y^{-1} L=14 class=
ms0232 -1 2 1 -2 -2 | 1 2 2 1 2 -1 2  # n=1 w=y^{-1}xy^{-1}x^{-1}y^{-2} L=12 class=
ms0239 -1 2 1 -2 -2 | 1 2 2 -1 2 1 -2  # n=1 w=yx^{-1}y^{-1}xy^{-2} L=12 class=
ms0240 -1 2 2 1 -2 -2 -2 | 1 2 2 -1 2 1 -2  # n=2 w=yx^{-1}y^{-1}xy^{-2} L=14 class=
ms0241 -1 2 2 2 1 -2 -2 -2 -2 | 1 2 2 -1 2 1 -2  # n=3 w=yx^{-1}y^{-1}xy^{-2} L=16 class=
ms0246 -1 2 1 -2 -2 | 1 1 2 2 -1 -2 -2  # n=1 w=y^{2}xy^{-2}x^{-1} L=12 class=
ms0247 -1 2 2 1 -2 -2 -2 | 1 1 2 2 -1 -2 -2  # n=2 w=y^{2}xy^{-2}x^{-1} L=14 class=
ms0248 -1 2 2 2 1 -2 -2 -2 -2 | 1 1 2 2 -1 -2 -2  # n=3 w=y^{2}xy^{-2}x^{-1} L=16 class=
ms0249 -1 2 2 2 2 1 -2 -2 -2 -2 -2 | 1 1 2 2 -1 -2 -2  # n=4 w=y^{2}xy^{-2}x^{-1} L=18 class=
ms0250 -1 2 2 2 2 2 1 -2 -2 -2 -2 -2 -2 | 1 1 2 2 -1 -2 -2  # n=5 w=y^{2}xy^{-2}x^{-1} L=20 class=
ms0251 -1 2 2 2 2 2 2 1 -2 -2 -2 -2 -2 -2 -2 | 1 1 2 2 -1 -2 -2  # n=6 w=y^{2}xy^{-2}x^{-1} L=22 class=
ms0253 -1 2 1 -2 -2 | 1 2 1 -2 -2 -1 2  # n=1 w=y^{-1}xy^{2}x^{-1}y^{-1} L=12 class=
ms0254 -1 2 2 1 -2 -2 -2 | 1 2 1 -2 -2 -1 2  # n=2 w=y^{-1}xy^{2}x^{-1}y^{-1} L=14 class=
ms0255 -1 2 2 2 1 -2 -2 -2 -2 | 1 2 1 -2 -2 -1 2  # n=3 w=y^{-1}xy^{2}x^{-1}y^{-1} L=16 class=
ms0260 -1 2 1 -2 -2 | 1 2 -1 2 1 -2 -2  # n=1 w=y^{2}x^{-1}y^{-1}xy^{-1} L=12 class=
ms0261 -1 2 2 1 -2 -2 -2 | 1 2 -1 2 1 -2 -2  # n=2 w=y^{2}x^{-1}y^{-1}xy^{-1} L=14 class=
ms0267 -1 2 1 -2 -2 | 1 -2 1 2 -1 -2 -2  # n=1 w=y^{2}xy^{-1}x^{-1}y L=12 class=
ms0268 -1 2 2 1 -2 -2 -2 | 1 -2 1 2 -1 -2 -2  # n=2 w=y^{2}xy^{-1}x^{-1}y L=14 class=
ms0274 -1 2 1 -2 -2 | 1 2 1 2 -1 -2 -2  # n=1 w=y^{2}xy^{-1}x^{-1}y^{-1} L=12 class=
ms0275 -1 2 2 1 -2 -2 -2 | 1 2 1 2 -1 -2 -2  # n=2 w=y^{2}xy^{-1}x^{-1}y^{-1} L=14 class=
ms0277 -1 2 2 2 2 1 -2 -2 -2 -2 -2 | 1 2 1 2 -1 -2 -2  # n=4 w=y^{2}xy^{-1}x^{-1}y^{-1} L=18 class=
ms0281 -1 2 1 -2 -2 | 1 -2 -2 -2 -2 -2 -2  # n=1 w=y^{6} L=12 class=
ms0282 -1 2 2 1 -2 -2 -2 | 1 -2 -2 -2 -2 -2 -2  # n=2 w=y^{6} L=14 class=
ms0283 -1 2 2 2 1 -2 -2 -2 -2 | 1 -2 -2 -2 -2 -2 -2  # n=3 w=y^{6} L=16 class=
ms0284 -1 2 2 2 2 1 -2 -2 -2 -2 -2 | 1 -2 -2 -2 -2 -2 -2  # n=4 w=y^{6} L=18 class=
ms0285 -1 2 2 2 2 2 1 -2 -2 -2 -2 -2 -2 | 1 -2 -2 -2 -2 -2 -2  # n=5 w=y^{6} L=20 class=
ms0286 -1 2 2 2 2 2 2 1 -2 -2 -2 -2 -2 -2 -2 | 1 -2 -2 -2 -2 -2 -2  # n=6 w=y^{6} L=22 class=
ms0287 -1 2 2 2 2 2 2 2 1 -2 -2 -2 -2 -2 -2 -2 -2 | 1 -2 -2 -2 -2 -2 -2  # n=7 w=y^{6} L=24 class=
ms0288 -1 2 1 -2 -2 | 1 2 -1 2 2 1 -2  # n=1 w=yx^{-1}y^{-2}xy^{-1} L=12 class=
ms0289 -1 2 2 1 -2 -2 -2 | 1 2 -1 2 2 1 -2  # n=2 w=yx^{-1}y^{-2}xy^{-1} L=14 class=
ms0295 -1 2 1 -2 -2 | 1 -2 -1 2 1 -2 -2  # n=1 w=y^{2}x^{-1}y^{-1}xy L=12 class=
ms0296 -1 2 2 1 -2 -2 -2 | 1 -2 -1 2 1 -2 -2  # n=2 w=y^{2}x^{-1}y^{-1}xy L=14 class=
ms0302 -1 2 1 -2 -2 | 1 -2 -1 2 2 1 -2  # n=1 w=yx^{-1}y^{-2}xy L=12 class=
ms0303 -1 2 2 1 -2 -2 -2 | 1 -2 -1 2 2 1 -2  # n=2 w=yx^{-1}y^{-2}xy L=14 class=
ms0305 -1 2 2 2 2 1 -2 -2 -2 -2 -2 | 1 -2 -1 2 2 1 -2  # n=4 w=yx^{-1}y^{-2}xy L=18 class=
ms0309 -1 2 1 -2 -2 | 1 -2 -2 1 2 -1 -2  # n=1 w=yxy^{-1}x^{-1}y^{2} L=12 class=
ms0310 -1 2 2 1 -2 -2 -2 | 1 -2 -2 1 2 -1 -2  # n=2 w=yxy^{-1}x^{-1}y^{2} L=14 class=
ms0316 -1 2 1 -2 -2 | 1 2 2 1 -2 -1 2  # n=1 w=y^{-1}xyx^{-1}y^{-2} L=12 class=
ms0317 -1 2 2 1 -2 -2 -2 | 1 2 2 1 -2 -1 2  # n=2 w=y^{-1}xyx^{-1}y^{-2} L=14 class=
ms0323 -1 2 1 -2 -2 | 1 2 1 2 2 -1 -2  # n=1 w=yxy^{-2}x^{-1}y^{-1} L=12 class=
ms0324 -1 2 2 1 -2 -2 -2 | 1 2 1 2 2 -1 -2  # n=2 w=yxy^{-2}x^{-1}y^{-1} L=14 class=
ms0325 -1 2 2 2 1 -2 -2 -2 -2 | 1 2 1 2 2 -1 -2  # n=3 w=yxy^{-2}x^{-1}y^{-1} L=16 class=
ms0330 -1 2 1 -2 -2 | 1 2 1 -2 -1 -2 -2  # n=1 w=y^{2}xyx^{-1}y^{-1} L=12 class=
ms0331 -1 2 2 1 -2 -2 -2 | 1 2 1 -2 -1 -2 -2  # n=2 w=y^{2}xyx^{-1}y^{-1} L=14 class=
ms0337 -1 2 1 -2 -2 | 1 2 2 -1 2 2 1  # n=1 w=x^{-1}y^{-2}xy^{-2} L=12 class=
ms0338 -1 2 2 1 -2 -2 -2 | 1 2 2 -1 2 2 1  # n=2 w=x^{-1}y^{-2}xy^{-2} L=14 class=
ms0344 -1 2 1 -2 -2 | 1 2 2 1 -2 -1 -2  # n=1 w=yxyx^{-1}y^{-2} L=12 class=
ms0345 -1 2 2 1 -2 -2 -2 | 1 2 2 1 -2 -1 -2  # n=2 w=yxyx^{-1}y^{-2} L=14 class=
ms0351 -1 2 1 -2 -2 | 1 2 -1 -1 2 1 1  # n=1 w=x^{-2}y^{-1}x^{2}y^{-1} L=12 class=
ms0358 -1 2 1 -2 -2 | 1 -2 -1 -1 2 1 1  # n=1 w=x^{-2}y^{-1}x^{2}y L=12 class=
ms0365 -1 2 1 -2 -2 | 1 1 1 -2 -1 -1 -2  # n=1 w=yx^{2}yx^{-2} L=12 class=
ms0372 -1 2 1 -2 -2 | 1 -2 -2 1 -2 -1 -2  # n=1 w=yxyx^{-1}y^{2} L=12 class=
ms0379 -1 2 1 -2 -2 | 1 1 -2 -1 -2 -2 -2  # n=1 w=y^{3}xyx^{-1} L=12 class=
ms0381 -1 2 2 2 1 -2 -2 -2 -2 | 1 1 -2 -1 -2 -2 -2  # n=3 w=y^{3}xyx^{-1} L=16 class=
ms0386 -1 2 1 -2 -2 | 1 2 -1 2 2 2 1  # n=1 w=x^{-1}y^{-3}xy^{-1} L=12 class=
ms0388 -1 2 2 2 1 -2 -2 -2 -2 | 1 2 -1 2 2 2 1  # n=3 w=x^{-1}y^{-3}xy^{-1} L=16 class=
ms0393 -1 2 1 -2 -2 | 1 1 2 -1 -2 -2 -2  # n=1 w=y^{3}xy^{-1}x^{-1} L=12 class=
ms0395 -1 2 2 2 1 -2 -2 -2 -2 | 1 1 2 -1 -2 -2 -2  # n=3 w=y^{3}xy^{-1}x^{-1} L=16 class=
ms0400 -1 2 1 -2 -2 | 1 -2 -1 2 2 2 1  # n=1 w=x^{-1}y^{-3}xy L=12 class=
ms0402 -1 2 2 2 1 -2 -2 -2 -2 | 1 -2 -1 2 2 2 1  # n=3 w=x^{-1}y^{-3}xy L=16 class=
ms0407 -1 2 1 -2 -2 | 1 1 2 2 2 -1 -2  # n=1 w=yxy^{-3}x^{-1} L=12 class=
ms0408 -1 2 2 1 -2 -2 -2 | 1 1 2 2 2 -1 -2  # n=2 w=yxy^{-3}x^{-1} L=14 class=
ms0414 -1 2 1 -2 -2 | 1 1 1 2 -1 -1 -2  # n=1 w=yx^{2}y^{-1}x^{-2} L=12 class=
ms0421 -1 2 1 -2 -2 | 1 -2 -2 -1 2 2 1  # n=1 w=x^{-1}y^{-2}xy^{2} L=12 class=
ms0422 -1 2 2 1 -2 -2 -2 | 1 -2 -2 -1 2 2 1  # n=2 w=x^{-1}y^{-2}xy^{2} L=14 class=
ms0423 -1 2 2 2 1 -2 -2 -2 -2 | 1 -2 -2 -1 2 2 1  # n=3 w=x^{-1}y^{-2}xy^{2} L=16 class=
ms0424 -1 2 2 2 2 1 -2 -2 -2 -2 -2 | 1 -2 -2 -1 2 2 1  # n=4 w=x^{-1}y^{-2}xy^{2} L=18 class=
ms0425 -1 2 2 2 2 2 1 -2 -2 -2 -2 -2 -2 | 1 -2 -2 -1 2 2 1  # n=5 w=x^{-1}y^{-2}xy^{2} L=20 class=
ms0426 -1 2 2 2 2 2 2 1 -2 -2 -2 -2 -2 -2 -2 | 1 -2 -2 -1 2 2 1  # n=6 w=x^{-1}y^{-2}xy^{2} L=22 class=
ms0428 -1 2 1 -2 -2 | 1 2 2 1 2 -1 -2  # n=1 w=yxy^{-1}x^{-1}y^{-2} L=12 class=
ms0429 -1 2 2 1 -2 -2 -2 | 1 2 2 1 2 -1 -2  # n=2 w=yxy^{-1}x^{-1}y^{-2} L=14 class=
ms0435 -1 2 1 -2 -2 | 1 2 1 -2 -2 -1 -2  # n=1 w=yxy^{2}x^{-1}y^{-1} L=12 class=
ms0436 -1 2 2 1 -2 -2 -2 | 1 2 1 -2 -2 -1 -2  # n=2 w=yxy^{2}x^{-1}y^{-1} L=14 class=
ms0437 -1 2 2 2 1 -2 -2 -2 -2 | 1 2 1 -2 -2 -1 -2  # n=3 w=yxy^{2}x^{-1}y^{-1} L=16 class=
ms0442 -1 2 1 -2 -2 | 1 2 2 2 2 2 2  # n=1 w=y^{-6} L=12 class=
ms0443 -1 2 2 1 -2 -2 -2 | 1 2 2 2 2 2 2  # n=2 w=y^{-6} L=14 class=
ms0444 -1 2 2 2 1 -2 -2 -2 -2 | 1 2 2 2 2 2 2  # n=3 w=y^{-6} L=16 class=
ms0445 -1 2 2 2 2 1 -2 -2 -2 -2 -2 | 1 2 2 2 2 2 2  # n=4 w=y^{-6} L=18 class=
ms0446 -1 2 2 2 2 2 1 -2 -2 -2 -2 -2 -2 | 1 2 2 2 2 2 2  # n=5 w=y^{-6} L=20 class=
ms0447 -1 2 2 2 2 2 2 1 -2 -2 -2 -2 -2 -2 -2 | 1 2 2 2 2 2 2  # n=6 w=y^{-6} L=22 class=
ms0448 -1 2 2 2 2 2 2 2 1 -2 -2 -2 -2 -2 -2 -2 -2 | 1 2 2 2 2 2 2  # n=7 w=y^{-6} L=24 class=
ms0449 -1 2 1 -2 -2 | 1 -2 1 -2 -2 -1 -2  # n=1 w=yxy^{2}x^{-1}y L=12 class=
ms0450 -1 2 2 1 -2 -2 -2 | 1 -2 1 -2 -2 -1 -2  # n=2 w=yxy^{2}x^{-1}y L=14 class=
ms0456 -1 2 1 -2 -2 | 1 -2 -2 -2 -1 2 1  # n=1 w=x^{-1}y^{-1}xy^{3} L=12 class=
ms0457 -1 2 2 1 -2 -2 -2 | 1 -2 -2 -2 -1 2 1  # n=2 w=x^{-1}y^{-1}xy^{3} L=14 class=
ms0463 -1 2 1 -2 -2 | 1 1 -2 -2 -1 -2 -2  # n=1 w=y^{2}xy^{2}x^{-1} L=12 class=
ms0464 -1 2 2 1 -2 -2 -2 | 1 1 -2 -2 -1 -2 -2  # n=2 w=y^{2}xy^{2}x^{-1} L=14 class=
ms0470 -1 2 1 -2 -2 | 1 -2 -1 2 2 1 2  # n=1 w=y^{-1}x^{-1}y^{-2}xy L=12 class=
ms0471 -1 2 2 1 -2 -2 -2 | 1 -2 -1 2 2 1 2  # n=2 w=y^{-1}x^{-1}y^{-2}xy L=14 class=
ms0477 -1 2 1 -2 -2 | 1 1 -2 -2 -2 -1 -2  # n=1 w=yxy^{3}x^{-1} L=12 class=
ms0478 -1 2 2 1 -2 -2 -2 | 1 1 -2 -2 -2 -1 -2  # n=2 w=yxy^{3}x^{-1} L=14 class=
ms0484 -1 2 1 -2 -2 | 1 2 2 2 -1 2 1  # n=1 w=x^{-1}y^{-1}xy^{-3} L=12 class=
ms0485 -1 2 2 1 -2 -2 -2 | 1 2 2 2 -1 2 1  # n=2 w=x^{-1}y^{-1}xy^{-3} L=14 class=
ms0491 -1 2 1 -2 -2 | 1 -2 1 -2 -1 -2 -2  # n=1 w=y^{2}xyx^{-1}y L=12 class=
ms0492 -1 2 2 1 -2 -2 -2 | 1 -2 1 -2 -1 -2 -2  # n=2 w=y^{2}xyx^{-1}y L=14 class=
ms0498 -1 2 1 -2 -2 | 1 2 -1 2 2 1 2  # n=1 w=y^{-1}x^{-1}y^{-2}xy^{-1} L=12 class=
ms0499 -1 2 2 1 -2 -2 -2 | 1 2 -1 2 2 1 2  # n=2 w=y^{-1}x^{-1}y^{-2}xy^{-1} L=14 class=
ms0505 -1 2 1 -2 -2 | 1 2 2 2 1 -2 -1 -2  # n=1 w=yxyx^{-1}y^{-3} L=13 class=
ms0506 -1 2 2 1 -2 -2 -2 | 1 2 2 2 1 -2 -1 -2  # n=2 w=yxyx^{-1}y^{-3} L=15 class=
ms0512 -1 2 1 -2 -2 | 1 1 -2 -2 -2 -2 -1 -2  # n=1 w=yxy^{4}x^{-1} L=13 class=
ms0514 -1 2 2 2 1 -2 -2 -2 -2 | 1 1 -2 -2 -2 -2 -1 -2  # n=3 w=yxy^{4}x^{-1} L=17 class=
ms0519 -1 2 1 -2 -2 | 1 -2 1 -2 -2 -2 -1 -2  # n=1 w=yxy^{3}x^{-1}y L=13 class=
ms0520 -1 2 2 1 -2 -2 -2 | 1 -2 1 -2 -2 -2 -1 -2  # n=2 w=yxy^{3}x^{-1}y L=15 class=
ms0526 -1 2 1 -2 -2 | 1 1 1 2 -1 -2 -1 -2  # n=1 w=yxyxy^{-1}x^{-2} L=13 class=
ms0533 -1 2 1 -2 -2 | 1 1 1 -2 -1 -2 -1 -2  # n=1 w=yxyxyx^{-2} L=13 class=
ms0540 -1 2 1 -2 -2 | 1 -2 -2 1 -2 -2 -1 -2  # n=1 w=yxy^{2}x^{-1}y^{2} L=13 class=
ms0547 -1 2 1 -2 -2 | 1 2 2 1 -2 -2 -1 -2  # n=1 w=yxy^{2}x^{-1}y^{-2} L=13 class=
ms0548 -1 2 2 1 -2 -2 -2 | 1 2 2 1 -2 -2 -1 -2  # n=2 w=yxy^{2}x^{-1}y^{-2} L=15 class=
ms0549 -1 2 2 2 1 -2 -2 -2 -2 | 1 2 2 1 -2 -2 -1 -2  # n=3 w=yxy^{2}x^{-1}y^{-2} L=17 class=
ms0554 -1 2 1 -2 -2 | 1 -2 -2 -2 1 -2 -1 -2  # n=1 w=yxyx^{-1}y^{3} L=13 class=
ms0561 -1 2 1 -2 -2 | 1 2 1 -2 -2 -2 -1 -2  # n=1 w=yxy^{3}x^{-1}y^{-1} L=13 class=
ms0562 -1 2 2 1 -2 -2 -2 | 1 2 1 -2 -2 -2 -1 -2  # n=2 w=yxy^{3}x^{-1}y^{-1} L=15 class=
ms0568 -1 2 1 -2 -2 | 1 2 -1 -1 2 2 1 1  # n=1 w=x^{-2}y^{-2}x^{2}y^{-1} L=13 class=
ms0575 -1 2 1 -2 -2 | 1 -2 -1 2 2 1 -2 -2  # n=1 w=y^{2}x^{-1}y^{-2}xy L=13 class=
ms0576 -1 2 2 1 -2 -2 -2 | 1 -2 -1 2 2 1 -2 -2  # n=2 w=y^{2}x^{-1}y^{-2}xy L=15 class=
ms0578 -1 2 2 2 2 1 -2 -2 -2 -2 -2 | 1 -2 -1 2 2 1 -2 -2  # n=4 w=y^{2}x^{-1}y^{-2}xy L=19 class=
ms0582 -1 2 1 -2 -2 | 1 1 -2 -1 -2 -2 -2 -2  # n=1 w=y^{4}xyx^{-1} L=13 class=
ms0583 -1 2 2 1 -2 -2 -2 | 1 1 -2 -1 -2 -2 -2 -2  # n=2 w=y^{4}xyx^{-1} L=15 class=
ms0585 -1 2 2 2 2 1 -2 -2 -2 -2 -2 | 1 1 -2 -1 -2 -2 -2 -2  # n=4 w=y^{4}xyx^{-1} L=19 class=
ms0589 -1 2 1 -2 -2 | 1 1 2 -1 -2 -2 -2 -2  # n=1 w=y^{4}xy^{-1}x^{-1} L=13 class=
ms0590 -1 2 2 1 -2 -2 -2 | 1 1 2 -1 -2 -2 -2 -2  # n=2 w=y^{4}xy^{-1}x^{-1} L=15 class=
ms0592 -1 2 2 2 2 1 -2 -2 -2 -2 -2 | 1 1 2 -1 -2 -2 -2 -2  # n=4 w=y^{4}xy^{-1}x^{-1} L=19 class=
ms0596 -1 2 1 -2 -2 | 1 1 -2 -2 -1 -2 -2 -2  # n=1 w=y^{3}xy^{2}x^{-1} L=13 class=
ms0598 -1 2 2 2 1 -2 -2 -2 -2 | 1 1 -2 -2 -1 -2 -2 -2  # n=3 w=y^{3}xy^{2}x^{-1} L=17 class=
ms0603 -1 2 1 -2 -2 | 1 -2 1 -2 -1 -2 -2 -2  # n=1 w=y^{3}xyx^{-1}y L=13 class=
ms0605 -1 2 2 2 1 -2 -2 -2 -2 | 1 -2 1 -2 -1 -2 -2 -2  # n=3 w=y^{3}xyx^{-1}y L=17 class=
ms0610 -1 2 1 -2 -2 | 1 2 1 -2 -1 -2 -2 -2  # n=1 w=y^{3}xyx^{-1}y^{-1} L=13 class=
ms0612 -1 2 2 2 1 -2 -2 -2 -2 | 1 2 1 -2 -1 -2 -2 -2  # n=3 w=y^{3}xyx^{-1}y^{-1} L=17 class=
ms0617 -1 2 1 -2 -2 | 1 1 2 2 -1 -2 -2 -2  # n=1 w=y^{3}xy^{-2}x^{-1} L=13 class=
ms0619 -1 2 2 2 1 -2 -2 -2 -2 | 1 1 2 2 -1 -2 -2 -2  # n=3 w=y^{3}xy^{-2}x^{-1} L=17 class=
ms0622 -1 2 2 2 2 2 2 1 -2 -2 -2 -2 -2 -2 -2 | 1 1 2 2 -1 -2 -2 -2  # n=6 w=y^{3}xy^{-2}x^{-1} L=23 class=
ms0624 -1 2 1 -2 -2 | 1 -2 1 2 -1 -2 -2 -2  # n=1 w=y^{3}xy^{-1}x^{-1}y L=13 class=
ms0625 -1 2 2 1 -2 -2 -2 | 1 -2 1 2 -1 -2 -2 -2  # n=2 w=y^{3}xy^{-1}x^{-1}y L=15 class=
ms0626 -1 2 2 2 1 -2 -2 -2 -2 | 1 -2 1 2 -1 -2 -2 -2  # n=3 w=y^{3}xy^{-1}x^{-1}y L=17 class=
ms0631 -1 2 1 -2 -2 | 1 2 1 2 -1 -2 -2 -2  # n=1 w=y^{3}xy^{-1}x^{-1}y^{-1} L=13 class=
ms0632 -1 2 2 1 -2 -2 -2 | 1 2 1 2 -1 -2 -2 -2  # n=2 w=y^{3}xy^{-1}x^{-1}y^{-1} L=15 class=
ms0633 -1 2 2 2 1 -2 -2 -2 -2 | 1 2 1 2 -1 -2 -2 -2  # n=3 w=y^{3}xy^{-1}x^{-1}y^{-1} L=17 class=
ms0638 -1 2 1 -2 -2 | 1 -2 -1 2 1 -2 -2 -2  # n=1 w=y^{3}x^{-1}y^{-1}xy L=13 class=
ms0645 -1 2 1 -2 -2 | 1 2 -1 2 1 -2 -2 -2  # n=1 w=y^{3}x^{-1}y^{-1}xy^{-1} L=13 class=
ms0646 -1 2 2 1 -2 -2 -2 | 1 2 -1 2 1 -2 -2 -2  # n=2 w=y^{3}x^{-1}y^{-1}xy^{-1} L=15 class=
ms0652 -1 2 1 -2 -2 | 1 1 -2 -2 -2 -1 -2 -2  # n=1 w=y^{2}xy^{3}x^{-1} L=13 class=
ms0653 -1 2 2 1 -2 -2 -2 | 1 1 -2 -2 -2 -1 -2 -2  # n=2 w=y^{2}xy^{3}x^{-1} L=15 class=
ms0659 -1 2 1 -2 -2 | 1 -2 1 -2 -2 -1 -2 -2  # n=1 w=y^{2}xy^{2}x^{-1}y L=13 class=
ms0660 -1 2 2 1 -2 -2 -2 | 1 -2 1 -2 -2 -1 -2 -2  # n=2 w=y^{2}xy^{2}x^{-1}y L=15 class=
ms0666 -1 2 1 -2 -2 | 1 2 1 -2 -2 -1 -2 -2  # n=1 w=y^{2}xy^{2}x^{-1}y^{-1} L=13 class=
ms0667 -1 2 2 1 -2 -2 -2 | 1 2 1 -2 -2 -1 -2 -2  # n=2 w=y^{2}xy^{2}x^{-1}y^{-1} L=15 class=
ms0668 -1 2 2 2 1 -2 -2 -2 -2 | 1 2 1 -2 -2 -1 -2 -2  # n=3 w=y^{2}xy^{2}x^{-1}y^{-1} L=17 class=
ms0673 -1 2 1 -2 -2 | 1 -2 -2 1 -2 -1 -2 -2  # n=1 w=y^{2}xyx^{-1}y^{2} L=13 class=
ms0674 -1 2 2 1 -2 -2 -2 | 1 -2 -2 1 -2 -1 -2 -2  # n=2 w=y^{2}xyx^{-1}y^{2} L=15 class=
ms0680 -1 2 1 -2 -2 | 1 2 2 1 -2 -1 -2 -2  # n=1 w=y^{2}xyx^{-1}y^{-2} L=13 class=
ms0681 -1 2 2 1 -2 -2 -2 | 1 2 2 1 -2 -1 -2 -2  # n=2 w=y^{2}xyx^{-1}y^{-2} L=15 class=
ms0687 -1 2 1 -2 -2 | 1 1 1 -2 -1 -1 -2 -2  # n=1 w=y^{2}x^{2}yx^{-2} L=13 class=
ms0694 -1 2 1 -2 -2 | 1 1 1 2 -1 -1 -2 -2  # n=1 w=y^{2}x^{2}y^{-1}x^{-2} L=13 class=
ms0695 -1 2 2 1 -2 -2 -2 | 1 1 1 2 -1 -1 -2 -2  # n=2 w=y^{2}x^{2}y^{-1}x^{-2} L=15 class=
ms0701 -1 2 1 -2 -2 | 1 1 2 2 2 -1 -2 -2  # n=1 w=y^{2}xy^{-3}x^{-1} L=13 class=
ms0702 -1 2 2 1 -2 -2 -2 | 1 1 2 2 2 -1 -2 -2  # n=2 w=y^{2}xy^{-3}x^{-1} L=15 class=
ms0703 -1 2 2 2 1 -2 -2 -2 -2 | 1 1 2 2 2 -1 -2 -2  # n=3 w=y^{2}xy^{-3}x^{-1} L=17 class=
ms0704 -1 2 2 2 2 1 -2 -2 -2 -2 -2 | 1 1 2 2 2 -1 -2 -2  # n=4 w=y^{2}xy^{-3}x^{-1} L=19 class=
ms0705 -1 2 2 2 2 2 1 -2 -2 -2 -2 -2 -2 | 1 1 2 2 2 -1 -2 -2  # n=5 w=y^{2}xy^{-3}x^{-1} L=21 class=
ms0708 -1 2 1 -2 -2 | 1 2 1 2 2 -1 -2 -2  # n=1 w=y^{2}xy^{-2}x^{-1}y^{-1} L=13 class=
ms0709 -1 2 2 1 -2 -2 -2 | 1 2 1 2 2 -1 -2 -2  # n=2 w=y^{2}xy^{-2}x^{-1}y^{-1} L=15 class=
ms0710 -1 2 2 2 1 -2 -2 -2 -2 | 1 2 1 2 2 -1 -2 -2  # n=3 w=y^{2}xy^{-2}x^{-1}y^{-1} L=17 class=
ms0711 -1 2 2 2 2 1 -2 -2 -2 -2 -2 | 1 2 1 2 2 -1 -2 -2  # n=4 w=y^{2}xy^{-2}x^{-1}y^{-1} L=19 class=
ms0715 -1 2 1 -2 -2 | 1 -2 -2 1 2 -1 -2 -2  # n=1 w=y^{2}xy^{-1}x^{-1}y^{2} L=13 class=
ms0716 -1 2 2 1 -2 -2 -2 | 1 -2 -2 1 2 -1 -2 -2  # n=2 w=y^{2}xy^{-1}x^{-1}y^{2} L=15 class=
ms0722 -1 2 1 -2 -2 | 1 2 2 1 2 -1 -2 -2  # n=1 w=y^{2}xy^{-1}x^{-1}y^{-2} L=13 class=
ms0723 -1 2 2 1 -2 -2 -2 | 1 2 2 1 2 -1 -2 -2  # n=2 w=y^{2}xy^{-1}x^{-1}y^{-2} L=15 class=
ms0725 -1 2 2 2 2 1 -2 -2 -2 -2 -2 | 1 2 2 1 2 -1 -2 -2  # n=4 w=y^{2}xy^{-1}x^{-1}y^{-2} L=19 class=
ms0729 -1 2 1 -2 -2 | 1 -2 -2 -1 2 1 -2 -2  # n=1 w=y^{2}x^{-1}y^{-1}xy^{2} L=13 class=
ms0730 -1 2 2 1 -2 -2 -2 | 1 -2 -2 -1 2 1 -2 -2  # n=2 w=y^{2}x^{-1}y^{-1}xy^{2} L=15 class=
ms0731 -1 2 2 2 1 -2 -2 -2 -2 | 1 -2 -2 -1 2 1 -2 -2  # n=3 w=y^{2}x^{-1}y^{-1}xy^{2} L=17 class=
ms0736 -1 2 1 -2 -2 | 1 2 2 -1 2 1 -2 -2  # n=1 w=y^{2}x^{-1}y^{-1}xy^{-2} L=13 class=
ms0737 -1 2 2 1 -2 -2 -2 | 1 2 2 -1 2 1 -2 -2  # n=2 w=y^{2}x^{-1}y^{-1}xy^{-2} L=15 class=
ms0738 -1 2 2 2 1 -2 -2 -2 -2 | 1 2 2 -1 2 1 -2 -2  # n=3 w=y^{2}x^{-1}y^{-1}xy^{-2} L=17 class=
ms0743 -1 2 1 -2 -2 | 1 2 -1 2 2 1 -2 -2  # n=1 w=y^{2}x^{-1}y^{-2}xy^{-1} L=13 class=
ms0744 -1 2 2 1 -2 -2 -2 | 1 2 -1 2 2 1 -2 -2  # n=2 w=y^{2}x^{-1}y^{-2}xy^{-1} L=15 class=
ms0746 -1 2 2 2 2 1 -2 -2 -2 -2 -2 | 1 2 -1 2 2 1 -2 -2  # n=4 w=y^{2}x^{-1}y^{-2}xy^{-1} L=19 class=
ms0750 -1 2 1 -2 -2 | 1 -2 1 2 2 -1 -2 -2  # n=1 w=y^{2}xy^{-2}x^{-1}y L=13 class=
ms0751 -1 2 2 1 -2 -2 -2 | 1 -2 1 2 2 -1 -2 -2  # n=2 w=y^{2}xy^{-2}x^{-1}y L=15 class=
ms0752 -1 2 2 2 1 -2 -2 -2 -2 | 1 -2 1 2 2 -1 -2 -2  # n=3 w=y^{2}xy^{-2}x^{-1}y L=17 class=
ms0753 -1 2 2 2 2 1 -2 -2 -2 -2 -2 | 1 -2 1 2 2 -1 -2 -2  # n=4 w=y^{2}xy^{-2}x^{-1}y L=19 class=
ms0757 -1 2 1 -2 -2 | 1 -2 -2 -2 1 2 -1 -2  # n=1 w=yxy^{-1}x^{-1}y^{3} L=13 class=
ms0758 -1 2 2 1 -2 -2 -2 | 1 -2 -2 -2 1 2 -1 -2  # n=2 w=yxy^{-1}x^{-1}y^{3} L=15 class=
ms0764 -1 2 1 -2 -2 | 1 1 -2 1 -2 -1 -1 -2  # n=1 w=yx^{2}yx^{-1}yx^{-1} L=13 class=
ms0771 -1 2 1 -2 -2 | 1 2 2 2 1 2 -1 2  # n=1 w=y^{-1}xy^{-1}x^{-1}y^{-3} L=13 class=
ms0778 -1 2 1 -2 -2 | 1 2 2 1 -2 -1 2 2  # n=1 w=y^{-2}xyx^{-1}y^{-2} L=13 class=
ms0779 -1 2 2 1 -2 -2 -2 | 1 2 2 1 -2 -1 2 2  # n=2 w=y^{-2}xyx^{-1}y^{-2} L=15 class=
ms0785 -1 2 1 -2 -2 | 1 2 2 1 2 -1 2 2  # n=1 w=y^{-2}xy^{-1}x^{-1}y^{-2} L=13 class=
ms0786 -1 2 2 1 -2 -2 -2 | 1 2 2 1 2 -1 2 2  # n=2 w=y^{-2}xy^{-1}x^{-1}y^{-2} L=15 class=
ms0792 -1 2 1 -2 -2 | 1 2 2 2 2 2 2 2  # n=1 w=y^{-7} L=13 class=
ms0793 -1 2 2 1 -2 -2 -2 | 1 2 2 2 2 2 2 2  # n=2 w=y^{-7} L=15 class=
ms0794 -1 2 2 2 1 -2 -2 -2 -2 | 1 2 2 2 2 2 2 2  # n=3 w=y^{-7} L=17 class=
ms0795 -1 2 2 2 2 1 -2 -2 -2 -2 -2 | 1 2 2 2 2 2 2 2  # n=4 w=y^{-7} L=19 class=
ms0796 -1 2 2 2 2 2 1 -2 -2 -2 -2 -2 -2 | 1 2 2 2 2 2 2 2  # n=5 w=y^{-7} L=21 class=
ms0797 -1 2 2 2 2 2 2 1 -2 -2 -2 -2 -2 -2 -2 | 1 2 2 2 2 2 2 2  # n=6 w=y^{-7} L=23 class=
ms0798 -1 2 2 2 2 2 2 2 1 -2 -2 -2 -2 -2 -2 -2 -2 | 1 2 2 2 2 2 2 2  # n=7 w=y^{-7} L=25 class=
ms0799 -1 2 1 -2 -2 | 1 -2 -2 -1 2 2 1 2  # n=1 w=y^{-1}x^{-1}y^{-2}xy^{2} L=13 class=
ms0800 -1 2 2 1 -2 -2 -2 | 1 -2 -2 -1 2 2 1 2  # n=2 w=y^{-1}x^{-1}y^{-2}xy^{2} L=15 class=
ms0801 -1 2 2 2 1 -2 -2 -2 -2 | 1 -2 -2 -1 2 2 1 2  # n=3 w=y^{-1}x^{-1}y^{-2}xy^{2} L=17 class=
ms0802 -1 2 2 2 2 1 -2 -2 -2 -2 -2 | 1 -2 -2 -1 2 2 1 2  # n=4 w=y^{-1}x^{-1}y^{-2}xy^{2} L=19 class=
ms0806 -1 2 1 -2 -2 | 1 2 2 -1 2 2 1 2  # n=1 w=y^{-1}x^{-1}y^{-2}xy^{-2} L=13 class=
ms0807 -1 2 2 1 -2 -2 -2 | 1 2 2 -1 2 2 1 2  # n=2 w=y^{-1}x^{-1}y^{-2}xy^{-2} L=15 class=
ms0813 -1 2 1 -2 -2 | 1 -2 -1 2 2 2 1 2  # n=1 w=y^{-1}x^{-1}y^{-3}xy L=13 class=
ms0814 -1 2 2 1 -2 -2 -2 | 1 -2 -1 2 2 2 1 2  # n=2 w=y^{-1}x^{-1}y^{-3}xy L=15 class=
ms0815 -1 2 2 2 1 -2 -2 -2 -2 | 1 -2 -1 2 2 2 1 2  # n=3 w=y^{-1}x^{-1}y^{-3}xy L=17 class=
ms0820 -1 2 1 -2 -2 | 1 2 -1 2 2 2 1 2  # n=1 w=y^{-1}x^{-1}y^{-3}xy^{-1} L=13 class=
ms0822 -1 2 2 2 1 -2 -2 -2 -2 | 1 2 -1 2 2 2 1 2  # n=3 w=y^{-1}x^{-1}y^{-3}xy^{-1} L=17 class=
ms0827 -1 2 1 -2 -2 | 1 -2 -2 -2 -2 -1 2 1  # n=1 w=x^{-1}y^{-1}xy^{4} L=13 class=
ms0829 -1 2 2 2 1 -2 -2 -2 -2 | 1 -2 -2 -2 -2 -1 2 1  # n=3 w=x^{-1}y^{-1}xy^{4} L=17 class=
ms0834 -1 2 1 -2 -2 | 1 2 1 -2 -1 -1 2 1  # n=1 w=x^{-1}y^{-1}x^{2}yx^{-1}y^{-1} L=13 class=
ms0841 -1 2 1 -2 -2 | 1 2 1 2 -1 -1 2 1  # n=1 w=x^{-1}y^{-1}x^{2}y^{-1}x^{-1}y^{-1} L=13 class=
ms0848 -1 2 1 -2 -2 | 1 2 2 2 2 -1 2 1  # n=1 w=x^{-1}y^{-1}xy^{-4} L=13 class=
ms0850 -1 2 2 2 1 -2 -2 -2 -2 | 1 2 2 2 2 -1 2 1  # n=3 w=x^{-1}y^{-1}xy^{-4} L=17 class=
ms0855 -1 2 1 -2 -2 | 1 -2 -2 -2 -1 2 2 1  # n=1 w=x^{-1}y^{-2}xy^{3} L=13 class=
ms0856 -1 2 2 1 -2 -2 -2 | 1 -2 -2 -2 -1 2 2 1  # n=2 w=x^{-1}y^{-2}xy^{3} L=15 class=
ms0857 -1 2 2 2 1 -2 -2 -2 -2 | 1 -2 -2 -2 -1 2 2 1  # n=3 w=x^{-1}y^{-2}xy^{3} L=17 class=
ms0858 -1 2 2 2 2 1 -2 -2 -2 -2 -2 | 1 -2 -2 -2 -1 2 2 1  # n=4 w=x^{-1}y^{-2}xy^{3} L=19 class=
ms0859 -1 2 2 2 2 2 1 -2 -2 -2 -2 -2 -2 | 1 -2 -2 -2 -1 2 2 1  # n=5 w=x^{-1}y^{-2}xy^{3} L=21 class=
ms0862 -1 2 1 -2 -2 | 1 2 2 2 -1 2 2 1  # n=1 w=x^{-1}y^{-2}xy^{-3} L=13 class=
ms0863 -1 2 2 1 -2 -2 -2 | 1 2 2 2 -1 2 2 1  # n=2 w=x^{-1}y^{-2}xy^{-3} L=15 class=
ms0869 -1 2 1 -2 -2 | 1 -2 -2 -1 2 2 2 1  # n=1 w=x^{-1}y^{-3}xy^{2} L=13 class=
ms0870 -1 2 2 1 -2 -2 -2 | 1 -2 -2 -1 2 2 2 1  # n=2 w=x^{-1}y^{-3}xy^{2} L=15 class=
ms0871 -1 2 2 2 1 -2 -2 -2 -2 | 1 -2 -2 -1 2 2 2 1  # n=3 w=x^{-1}y^{-3}xy^{2} L=17 class=
ms0874 -1 2 2 2 2 2 2 1 -2 -2 -2 -2 -2 -2 -2 | 1 -2 -2 -1 2 2 2 1  # n=6 w=x^{-1}y^{-3}xy^{2} L=23 class=
ms0876 -1 2 1 -2 -2 | 1 2 2 -1 2 2 2 1  # n=1 w=x^{-1}y^{-3}xy^{-2} L=13 class=
ms0878 -1 2 2 2 1 -2 -2 -2 -2 | 1 2 2 -1 2 2 2 1  # n=3 w=x^{-1}y^{-3}xy^{-2} L=17 class=
ms0883 -1 2 1 -2 -2 | 1 -2 -1 2 2 2 2 1  # n=1 w=x^{-1}y^{-4}xy L=13 class=
ms0884 -1 2 2 1 -2 -2 -2 | 1 -2 -1 2 2 2 2 1  # n=2 w=x^{-1}y^{-4}xy L=15 class=
ms0886 -1 2 2 2 2 1 -2 -2 -2 -2 -2 | 1 -2 -1 2 2 2 2 1  # n=4 w=x^{-1}y^{-4}xy L=19 class=
ms0890 -1 2 1 -2 -2 | 1 2 -1 2 2 2 2 1  # n=1 w=x^{-1}y^{-4}xy^{-1} L=13 class=
ms0891 -1 2 2 1 -2 -2 -2 | 1 2 -1 2 2 2 2 1  # n=2 w=x^{-1}y^{-4}xy^{-1} L=15 class=
ms0893 -1 2 2 2 2 1 -2 -2 -2 -2 -2 | 1 2 -1 2 2 2 2 1  # n=4 w=x^{-1}y^{-4}xy^{-1} L=19 class=
ms0897 -1 2 1 -2 -2 | 1 -2 -1 -1 2 1 2 1  # n=1 w=x^{-1}y^{-1}x^{-1}y^{-1}x^{2}y L=13 class=
ms0904 -1 2 1 -2 -2 | 1 2 -1 -1 2 1 2 1  # n=1 w=x^{-1}y^{-1}x^{-1}y^{-1}x^{2}y^{-1} L=13 class=
ms0911 -1 2 1 -2 -2 | 1 -2 -1 -2 -1 2 1 1  # n=1 w=x^{-2}y^{-1}xyxy L=13 class=
ms0918 -1 2 1 -2 -2 | 1 2 -1 -2 -1 2 1 1  # n=1 w=x^{-2}y^{-1}xyxy^{-1} L=13 class=
ms0925 -1 2 1 -2 -2 | 1 -2 -2 -1 -1 2 1 1  # n=1 w=x^{-2}y^{-1}x^{2}y^{2} L=13 class=
ms0932 -1 2 1 -2 -2 | 1 2 2 -1 -1 2 1 1  # n=1 w=x^{-2}y^{-1}x^{2}y^{-2} L=13 class=
ms0939 -1 2 1 -2 -2 | 1 -2 -1 2 -1 2 1 1  # n=1 w=x^{-2}y^{-1}xy^{-1}xy L=13 class=
ms0946 -1 2 1 -2 -2 | 1 2 -1 2 -1 2 1 1  # n=1 w=x^{-2}y^{-1}xy^{-1}xy^{-1} L=13 class=
ms0953 -1 2 1 -2 -2 | 1 -2 -1 -1 2 2 1 1  # n=1 w=x^{-2}y^{-2}x^{2}y L=13 class=
ms0954 -1 2 2 1 -2 -2 -2 | 1 -2 -1 -1 2 2 1 1  # n=2 w=x^{-2}y^{-2}x^{2}y L=15 class=
ms0960 -1 2 1 -2 -2 | 1 2 2 1 2 2 -1 2  # n=1 w=y^{-1}xy^{-2}x^{-1}y^{-2} L=13 class=
ms0961 -1 2 2 1 -2 -2 -2 | 1 2 2 1 2 2 -1 2  # n=2 w=y^{-1}xy^{-2}x^{-1}y^{-2} L=15 class=
ms0967 -1 2 1 -2 -2 | 1 1 1 -2 -2 -1 -1 -2  # n=1 w=yx^{2}y^{2}x^{-2} L=13 class=
ms0974 -1 2 1 -2 -2 | 1 2 1 2 2 2 -1 2  # n=1 w=y^{-1}xy^{-3}x^{-1}y^{-1} L=13 class=
ms0975 -1 2 2 1 -2 -2 -2 | 1 2 1 2 2 2 -1 2  # n=2 w=y^{-1}xy^{-3}x^{-1}y^{-1} L=15 class=
ms0981 -1 2 1 -2 -2 | 1 2 2 1 -2 -2 -1 2  # n=1 w=y^{-1}xy^{2}x^{-1}y^{-2} L=13 class=
ms0983 -1 2 2 2 1 -2 -2 -2 -2 | 1 2 2 1 -2 -2 -1 2  # n=3 w=y^{-1}xy^{2}x^{-1}y^{-2} L=17 class=
ms0988 -1 2 1 -2 -2 | 1 1 2 1 -2 -1 -1 -2  # n=1 w=yx^{2}yx^{-1}y^{-1}x^{-1} L=13 class=
ms0995 -1 2 1 -2 -2 | 1 -2 1 1 -2 -1 -1 -2  # n=1 w=yx^{2}yx^{-2}y L=13 class=
ms1002 -1 2 1 -2 -2 | 1 2 1 1 -2 -1 -1 -2  # n=1 w=yx^{2}yx^{-2}y^{-1} L=13 class=
ms1009 -1 2 1 -2 -2 | 1 1 1 2 2 -1 -1 -2  # n=1 w=yx^{2}y^{-2}x^{-2} L=13 class=
ms1016 -1 2 1 -2 -2 | 1 1 -2 1 2 -1 -1 -2  # n=1 w=yx^{2}y^{-1}x^{-1}yx^{-1} L=13 class=
ms1023 -1 2 1 -2 -2 | 1 1 2 1 2 -1 -1 -2  # n=1 w=yx^{2}y^{-1}x^{-1}y^{-1}x^{-1} L=13 class=
ms1030 -1 2 1 -2 -2 | 1 -2 1 1 2 -1 -1 -2  # n=1 w=yx^{2}y^{-1}x^{-2}y L=13 class=
ms1037 -1 2 1 -2 -2 | 1 2 1 1 2 -1 -1 -2  # n=1 w=yx^{2}y^{-1}x^{-2}y^{-1} L=13 class=
ms1044 -1 2 1 -2 -2 | 1 1 1 -2 -1 2 -1 -2  # n=1 w=yxy^{-1}xyx^{-2} L=13 class=
ms1051 -1 2 1 -2 -2 | 1 1 1 2 -1 2 -1 -2  # n=1 w=yxy^{-1}xy^{-1}x^{-2} L=13 class=
ms1058 -1 2 1 -2 -2 | 1 1 2 2 2 2 -1 -2  # n=1 w=yxy^{-4}x^{-1} L=13 class=
ms1060 -1 2 2 2 1 -2 -2 -2 -2 | 1 1 2 2 2 2 -1 -2  # n=3 w=yxy^{-4}x^{-1} L=17 class=
ms1065 -1 2 1 -2 -2 | 1 -2 1 2 2 2 -1 -2  # n=1 w=yxy^{-3}x^{-1}y L=13 class=
ms1066 -1 2 2 1 -2 -2 -2 | 1 -2 1 2 2 2 -1 -2  # n=2 w=yxy^{-3}x^{-1}y L=15 class=
ms1069 -1 2 2 2 2 2 1 -2 -2 -2 -2 -2 -2 | 1 -2 1 2 2 2 -1 -2  # n=5 w=yxy^{-3}x^{-1}y L=21 class=
ms1072 -1 2 1 -2 -2 | 1 2 1 2 2 2 -1 -2  # n=1 w=yxy^{-3}x^{-1}y^{-1} L=13 class=
ms1073 -1 2 2 1 -2 -2 -2 | 1 2 1 2 2 2 -1 -2  # n=2 w=yxy^{-3}x^{-1}y^{-1} L=15 class=
ms1079 -1 2 1 -2 -2 | 1 -2 -2 1 2 2 -1 -2  # n=1 w=yxy^{-2}x^{-1}y^{2} L=13 class=
ms1081 -1 2 2 2 1 -2 -2 -2 -2 | 1 -2 -2 1 2 2 -1 -2  # n=3 w=yxy^{-2}x^{-1}y^{2} L=17 class=
ms1086 -1 2 1 -2 -2 | 1 2 2 1 2 2 -1 -2  # n=1 w=yxy^{-2}x^{-1}y^{-2} L=13 class=
ms1087 -1 2 2 1 -2 -2 -2 | 1 2 2 1 2 2 -1 -2  # n=2 w=yxy^{-2}x^{-1}y^{-2} L=15 class=
ms1088 -1 2 2 2 1 -2 -2 -2 -2 | 1 2 2 1 2 2 -1 -2  # n=3 w=yxy^{-2}x^{-1}y^{-2} L=17 class=
ms1093 -1 2 1 -2 -2 | 1 2 2 2 1 2 -1 -2  # n=1 w=yxy^{-1}x^{-1}y^{-3} L=13 class=
ms1100 -1 2 1 -2 -2 | 1 -2 -2 -2 -1 2 1 -2  # n=1 w=yx^{-1}y^{-1}xy^{3} L=13 class=
ms1101 -1 2 2 1 -2 -2 -2 | 1 -2 -2 -2 -1 2 1 -2  # n=2 w=yx^{-1}y^{-1}xy^{3} L=15 class=
ms1107 -1 2 1 -2 -2 | 1 1 -2 -1 -1 2 1 -2  # n=1 w=yx^{-1}y^{-1}x^{2}yx^{-1} L=13 class=
ms1114 -1 2 1 -2 -2 | 1 1 2 -1 -1 2 1 -2  # n=1 w=yx^{-1}y^{-1}x^{2}y^{-1}x^{-1} L=13 class=
ms1121 -1 2 1 -2 -2 | 1 2 2 2 -1 2 1 -2  # n=1 w=yx^{-1}y^{-1}xy^{-3} L=13 class=
ms1122 -1 2 2 1 -2 -2 -2 | 1 2 2 2 -1 2 1 -2  # n=2 w=yx^{-1}y^{-1}xy^{-3} L=15 class=
ms1128 -1 2 1 -2 -2 | 1 -2 -2 -1 2 2 1 -2  # n=1 w=yx^{-1}y^{-2}xy^{2} L=13 class=
ms1129 -1 2 2 1 -2 -2 -2 | 1 -2 -2 -1 2 2 1 -2  # n=2 w=yx^{-1}y^{-2}xy^{2} L=15 class=
ms1130 -1 2 2 2 1 -2 -2 -2 -2 | 1 -2 -2 -1 2 2 1 -2  # n=3 w=yx^{-1}y^{-2}xy^{2} L=17 class=
ms1131 -1 2 2 2 2 1 -2 -2 -2 -2 -2 | 1 -2 -2 -1 2 2 1 -2  # n=4 w=yx^{-1}y^{-2}xy^{2} L=19 class=
ms1135 -1 2 1 -2 -2 | 1 2 2 -1 2 2 1 -2  # n=1 w=yx^{-1}y^{-2}xy^{-2} L=13 class=
ms1136 -1 2 2 1 -2 -2 -2 | 1 2 2 -1 2 2 1 -2  # n=2 w=yx^{-1}y^{-2}xy^{-2} L=15 class=
ms1137 -1 2 2 2 1 -2 -2 -2 -2 | 1 2 2 -1 2 2 1 -2  # n=3 w=yx^{-1}y^{-2}xy^{-2} L=17 class=
ms1142 -1 2 1 -2 -2 | 1 -2 -1 2 2 2 1 -2  # n=1 w=yx^{-1}y^{-3}xy L=13 class=
ms1143 -1 2 2 1 -2 -2 -2 | 1 -2 -1 2 2 2 1 -2  # n=2 w=yx^{-1}y^{-3}xy L=15 class=
ms1144 -1 2 2 2 1 -2 -2 -2 -2 | 1 -2 -1 2 2 2 1 -2  # n=3 w=yx^{-1}y^{-3}xy L=17 class=
ms1149 -1 2 1 -2 -2 | 1 2 -1 2 2 2 1 -2  # n=1 w=yx^{-1}y^{-3}xy^{-1} L=13 class=
ms1151 -1 2 2 2 1 -2 -2 -2 -2 | 1 2 -1 2 2 2 1 -2  # n=3 w=yx^{-1}y^{-3}xy^{-1} L=17 class=
ms1156 -1 2 1 -2 -2 | 1 -2 -1 -1 2 1 1 -2  # n=1 w=yx^{-2}y^{-1}x^{2}y L=13 class=
ms1163 -1 2 1 -2 -2 | 1 2 -1 -1 2 1 1 -2  # n=1 w=yx^{-2}y^{-1}x^{2}y^{-1} L=13 class=
ms1170 -1 2 1 -2 -2 | 1 2 1 -2 -2 -2 -1 2  # n=1 w=y^{-1}xy^{3}x^{-1}y^{-1} L=13 class=
ms1171 -1 2 2 1 -2 -2 -2 | 1 2 1 -2 -2 -2 -1 2  # n=2 w=y^{-1}xy^{3}x^{-1}y^{-1} L=15 class=
ms1174 -1 2 2 2 2 2 1 -2 -2 -2 -2 -2 -2 | 1 2 1 -2 -2 -2 -1 2  # n=5 w=y^{-1}xy^{3}x^{-1}y^{-1} L=21 class=
ms1177 -1 2 1 -2 -2 | 1 2 2 2 1 -2 -1 2  # n=1 w=y^{-1}xyx^{-1}y^{-3} L=13 class=
ms1178 -1 2 2 1 -2 -2 -2 | 1 2 2 2 1 -2 -1 2  # n=2 w=y^{-1}xyx^{-1}y^{-3} L=15 class=
ms1184 -1 2 1 -2 -2 | 1 -2 -2 -2 -2 -2 -2 -2  # n=1 w=y^{7} L=13 class=
ms1185 -1 2 2 1 -2 -2 -2 | 1 -2 -2 -2 -2 -2 -2 -2  # n=2 w=y^{7} L=15 class=
ms1186 -1 2 2 2 1 -2 -2 -2 -2 | 1 -2 -2 -2 -2 -2 -2 -2  # n=3 w=y^{7} L=17 class=
ms1187 -1 2 2 2 2 1 -2 -2 -2 -2 -2 | 1 -2 -2 -2 -2 -2 -2 -2  # n=4 w=y^{7} L=19 class=
ms1188 -1 2 2 2 2 2 1 -2 -2 -2 -2 -2 -2 | 1 -2 -2 -2 -2 -2 -2 -2  # n=5 w=y^{7} L=21 class=
ms1189 -1 2 2 2 2 2 2 1 -2 -2 -2 -2 -2 -2 -2 | 1 -2 -2 -2 -2 -2 -2 -2  # n=6 w=y^{7} L=23 class=
ms1190 -1 2 2 2 2 2 2 2 1 -2 -2 -2 -2 -2 -2 -2 -2 | 1 -2 -2 -2 -2 -2 -2 -2  # n=7 w=y^{7} L=25 class=
