ms0059 -1 2 2 2 1 -2 -2 -2 -2 | 1 2 -1 2 1  # n=3 w=x^{-1}y^{-1}xy^{-1} L=14 class=13_1
ms0060 -1 2 2 2 2 1 -2 -2 -2 -2 -2 | 1 2 -1 2 1  # n=4 w=x^{-1}y^{-1}xy^{-1} L=16 class=15_1
ms0061 -1 2 2 2 2 2 1 -2 -2 -2 -2 -2 -2 | 1 2 -1 2 1  # n=5 w=x^{-1}y^{-1}xy^{-1} L=18 class=16_1
ms0062 -1 2 2 2 2 2 2 1 -2 -2 -2 -2 -2 -2 -2 | 1 2 -1 2 1  # n=6 w=x^{-1}y^{-1}xy^{-1} L=20 class=20_9
ms0063 -1 2 2 2 2 2 2 2 1 -2 -2 -2 -2 -2 -2 -2 -2 | 1 2 -1 2 1  # n=7 w=x^{-1}y^{-1}xy^{-1} L=22 class=22_{14}
ms0066 -1 2 2 2 1 -2 -2 -2 -2 | 1 1 -2 -1 -2  # n=3 w=yxyx^{-1} L=14 class=13_1
ms0067 -1 2 2 2 2 1 -2 -2 -2 -2 -2 | 1 1 -2 -1 -2  # n=4 w=yxyx^{-1} L=16 class=15_1
ms0068 -1 2 2 2 2 2 1 -2 -2 -2 -2 -2 -2 | 1 1 -2 -1 -2  # n=5 w=yxyx^{-1} L=18 class=16_1
ms0069 -1 2 2 2 2 2 2 1 -2 -2 -2 -2 -2 -2 -2 | 1 1 -2 -1 -2  # n=6 w=yxyx^{-1} L=20 class=20_8
ms0070 -1 2 2 2 2 2 2 2 1 -2 -2 -2 -2 -2 -2 -2 -2 | 1 1 -2 -1 -2  # n=7 w=yxyx^{-1} L=22 class=22_{13}
ms0088 -1 2 2 2 2 1 -2 -2 -2 -2 -2 | 1 -2 -2 -1 2 1  # n=4 w=x^{-1}y^{-1}xy^{2} L=17 class=14_1
ms0090 -1 2 2 2 2 2 2 1 -2 -2 -2 -2 -2 -2 -2 | 1 -2 -2 -1 2 1  # n=6 w=x^{-1}y^{-1}xy^{2} L=21 class=19_{34}
ms0091 -1 2 2 2 2 2 2 2 1 -2 -2 -2 -2 -2 -2 -2 -2 | 1 -2 -2 -1 2 1  # n=7 w=x^{-1}y^{-1}xy^{2} L=23 class=19_{38}
ms0101 -1 2 2 2 1 -2 -2 -2 -2 | 1 2 1 -2 -1 -2  # n=3 w=yxyx^{-1}y^{-1} L=15 class=13_1
ms0102 -1 2 2 2 2 1 -2 -2 -2 -2 -2 | 1 2 1 -2 -1 -2  # n=4 w=yxyx^{-1}y^{-1} L=17 class=15_1
ms0103 -1 2 2 2 2 2 1 -2 -2 -2 -2 -2 -2 | 1 2 1 -2 -1 -2  # n=5 w=yxyx^{-1}y^{-1} L=19 class=16_1
ms0104 -1 2 2 2 2 2 2 1 -2 -2 -2 -2 -2 -2 -2 | 1 2 1 -2 -1 -2  # n=6 w=yxyx^{-1}y^{-1} L=21 class=17_1
ms0105 -1 2 2 2 2 2 2 2 1 -2 -2 -2 -2 -2 -2 -2 -2 | 1 2 1 -2 -1 -2  # n=7 w=yxyx^{-1}y^{-1} L=23 class=21_1
ms0108 -1 2 2 2 1 -2 -2 -2 -2 | 1 -2 1 -2 -1 -2  # n=3 w=yxyx^{-1}y L=15 class=13_1
ms0109 -1 2 2 2 2 1 -2 -2 -2 -2 -2 | 1 -2 1 -2 -1 -2  # n=4 w=yxyx^{-1}y L=17 class=15_1
ms0110 -1 2 2 2 2 2 1 -2 -2 -2 -2 -2 -2 | 1 -2 1 -2 -1 -2  # n=5 w=yxyx^{-1}y L=19 class=16_1
ms0111 -1 2 2 2 2 2 2 1 -2 -2 -2 -2 -2 -2 -2 | 1 -2 1 -2 -1 -2  # n=6 w=yxyx^{-1}y L=21 class=20_8
ms0112 -1 2 2 2 2 2 2 2 1 -2 -2 -2 -2 -2 -2 -2 -2 | 1 -2 1 -2 -1 -2  # n=7 w=yxyx^{-1}y L=23 class=23_{21}
ms0116 -1 2 2 2 2 1 -2 -2 -2 -2 -2 | 1 2 2 -1 2 1  # n=4 w=x^{-1}y^{-1}xy^{-2} L=17 class=15_{11}
ms0117 -1 2 2 2 2 2 1 -2 -2 -2 -2 -2 -2 | 1 2 2 -1 2 1  # n=5 w=x^{-1}y^{-1}xy^{-2} L=19 class=14_1
ms0118 -1 2 2 2 2 2 2 1 -2 -2 -2 -2 -2 -2 -2 | 1 2 2 -1 2 1  # n=6 w=x^{-1}y^{-1}xy^{-2} L=21 class=17_{36}
ms0119 -1 2 2 2 2 2 2 2 1 -2 -2 -2 -2 -2 -2 -2 -2 | 1 2 2 -1 2 1  # n=7 w=x^{-1}y^{-1}xy^{-2} L=23 class=21_{37}
ms0129 -1 2 2 2 1 -2 -2 -2 -2 | 1 2 1 2 -1 2  # n=3 w=y^{-1}xy^{-1}x^{-1}y^{-1} L=15 class=13_1
ms0130 -1 2 2 2 2 1 -2 -2 -2 -2 -2 | 1 2 1 2 -1 2  # n=4 w=y^{-1}xy^{-1}x^{-1}y^{-1} L=17 class=15_1
ms0131 -1 2 2 2 2 2 1 -2 -2 -2 -2 -2 -2 | 1 2 1 2 -1 2  # n=5 w=y^{-1}xy^{-1}x^{-1}y^{-1} L=19 class=16_1
ms0132 -1 2 2 2 2 2 2 1 -2 -2 -2 -2 -2 -2 -2 | 1 2 1 2 -1 2  # n=6 w=y^{-1}xy^{-1}x^{-1}y^{-1} L=21 class=17_1
ms0133 -1 2 2 2 2 2 2 2 1 -2 -2 -2 -2 -2 -2 -2 -2 | 1 2 1 2 -1 2  # n=7 w=y^{-1}xy^{-1}x^{-1}y^{-1} L=23 class=23_{24}
ms0137 -1 2 2 2 2 1 -2 -2 -2 -2 -2 | 1 1 2 2 -1 -2  # n=4 w=yxy^{-2}x^{-1} L=17 class=14_1
ms0139 -1 2 2 2 2 2 2 1 -2 -2 -2 -2 -2 -2 -2 | 1 1 2 2 -1 -2  # n=6 w=yxy^{-2}x^{-1} L=21 class=19_{33}
ms0140 -1 2 2 2 2 2 2 2 1 -2 -2 -2 -2 -2 -2 -2 -2 | 1 1 2 2 -1 -2  # n=7 w=yxy^{-2}x^{-1} L=23 class=19_{37}
ms0152 -1 2 2 2 2 2 1 -2 -2 -2 -2 -2 -2 | 1 1 -2 -1 -2 -2  # n=5 w=y^{2}xyx^{-1} L=19 class=17_{30}
ms0153 -1 2 2 2 2 2 2 1 -2 -2 -2 -2 -2 -2 -2 | 1 1 -2 -1 -2 -2  # n=6 w=y^{2}xyx^{-1} L=21 class=16_6
ms0154 -1 2 2 2 2 2 2 2 1 -2 -2 -2 -2 -2 -2 -2 -2 | 1 1 -2 -1 -2 -2  # n=7 w=y^{2}xyx^{-1} L=23 class=23_{22}
ms0157 -1 2 2 2 1 -2 -2 -2 -2 | 1 1 2 -1 -2 -2  # n=3 w=y^{2}xy^{-1}x^{-1} L=15 class=13_1
ms0159 -1 2 2 2 2 2 1 -2 -2 -2 -2 -2 -2 | 1 1 2 -1 -2 -2  # n=5 w=y^{2}xy^{-1}x^{-1} L=19 class=17_{31}
ms0160 -1 2 2 2 2 2 2 1 -2 -2 -2 -2 -2 -2 -2 | 1 1 2 -1 -2 -2  # n=6 w=y^{2}xy^{-1}x^{-1} L=21 class=16_7
ms0161 -1 2 2 2 2 2 2 2 1 -2 -2 -2 -2 -2 -2 -2 -2 | 1 1 2 -1 -2 -2  # n=7 w=y^{2}xy^{-1}x^{-1} L=23 class=21_{35}
ms0166 -1 2 2 2 2 2 1 -2 -2 -2 -2 -2 -2 | 1 2 -1 2 2 1  # n=5 w=x^{-1}y^{-2}xy^{-1} L=19 class=17_{33}
ms0167 -1 2 2 2 2 2 2 1 -2 -2 -2 -2 -2 -2 -2 | 1 2 -1 2 2 1  # n=6 w=x^{-1}y^{-2}xy^{-1} L=21 class=16_9
ms0168 -1 2 2 2 2 2 2 2 1 -2 -2 -2 -2 -2 -2 -2 -2 | 1 2 -1 2 2 1  # n=7 w=x^{-1}y^{-2}xy^{-1} L=23 class=23_{23}
ms0172 -1 2 2 2 2 1 -2 -2 -2 -2 -2 | 1 1 -2 -2 -1 -2  # n=4 w=yxy^{2}x^{-1} L=17 class=15_{10}
ms0173 -1 2 2 2 2 2 1 -2 -2 -2 -2 -2 -2 | 1 1 -2 -2 -1 -2  # n=5 w=yxy^{2}x^{-1} L=19 class=14_1
ms0174 -1 2 2 2 2 2 2 1 -2 -2 -2 -2 -2 -2 -2 | 1 1 -2 -2 -1 -2  # n=6 w=yxy^{2}x^{-1} L=21 class=17_{34}
ms0175 -1 2 2 2 2 2 2 2 1 -2 -2 -2 -2 -2 -2 -2 -2 | 1 1 -2 -2 -1 -2  # n=7 w=yxy^{2}x^{-1} L=23 class=21_{34}
ms0199 -1 2 2 2 1 -2 -2 -2 -2 | 1 2 -1 2 1 -2  # n=3 w=yx^{-1}y^{-1}xy^{-1} L=15 class=13_1
ms0200 -1 2 2 2 2 1 -2 -2 -2 -2 -2 | 1 2 -1 2 1 -2  # n=4 w=yx^{-1}y^{-1}xy^{-1} L=17 class=15_1
ms0201 -1 2 2 2 2 2 1 -2 -2 -2 -2 -2 -2 | 1 2 -1 2 1 -2  # n=5 w=yx^{-1}y^{-1}xy^{-1} L=19 class=16_1
ms0202 -1 2 2 2 2 2 2 1 -2 -2 -2 -2 -2 -2 -2 | 1 2 -1 2 1 -2  # n=6 w=yx^{-1}y^{-1}xy^{-1} L=21 class=17_{35}
ms0203 -1 2 2 2 2 2 2 2 1 -2 -2 -2 -2 -2 -2 -2 -2 | 1 2 -1 2 1 -2  # n=7 w=yx^{-1}y^{-1}xy^{-1} L=23 class=21_{36}
ms0206 -1 2 2 2 1 -2 -2 -2 -2 | 1 -2 -1 2 2 1  # n=3 w=x^{-1}y^{-2}xy L=15 class=13_1
ms0208 -1 2 2 2 2 2 1 -2 -2 -2 -2 -2 -2 | 1 -2 -1 2 2 1  # n=5 w=x^{-1}y^{-2}xy L=19 class=17_{32}
ms0209 -1 2 2 2 2 2 2 1 -2 -2 -2 -2 -2 -2 -2 | 1 -2 -1 2 2 1  # n=6 w=x^{-1}y^{-2}xy L=21 class=16_8
ms0210 -1 2 2 2 2 2 2 2 1 -2 -2 -2 -2 -2 -2 -2 -2 | 1 -2 -1 2 2 1  # n=7 w=x^{-1}y^{-2}xy L=23 class=21_{38}
ms0214 -1 2 2 2 2 1 -2 -2 -2 -2 -2 | 1 -2 -2 -1 2 1 -2  # n=4 w=yx^{-1}y^{-1}xy^{2} L=18 class=14_1
ms0216 -1 2 2 2 2 2 2 1 -2 -2 -2 -2 -2 -2 -2 | 1 -2 -2 -1 2 1 -2  # n=6 w=yx^{-1}y^{-1}xy^{2} L=22 class=19_{34}
ms0217 -1 2 2 2 2 2 2 2 1 -2 -2 -2 -2 -2 -2 -2 -2 | 1 -2 -2 -1 2 1 -2  # n=7 w=yx^{-1}y^{-1}xy^{2} L=24 class=17_{42}
ms0221 -1 2 2 2 2 1 -2 -2 -2 -2 -2 | 1 -2 1 2 2 -1 -2  # n=4 w=yxy^{-2}x^{-1}y L=18 class=14_1
ms0223 -1 2 2 2 2 2 2 1 -2 -2 -2 -2 -2 -2 -2 | 1 -2 1 2 2 -1 -2  # n=6 w=yxy^{-2}x^{-1}y L=22 class=19_{33}
ms0224 -1 2 2 2 2 2 2 2 1 -2 -2 -2 -2 -2 -2 -2 -2 | 1 -2 1 2 2 -1 -2  # n=7 w=yxy^{-2}x^{-1}y L=24 class=19_{37}
ms0228 -1 2 2 2 2 1 -2 -2 -2 -2 -2 | 1 2 1 2 2 -1 2  # n=4 w=y^{-1}xy^{-2}x^{-1}y^{-1} L=18 class=15_{11}
ms0229 -1 2 2 2 2 2 1 -2 -2 -2 -2 -2 -2 | 1 2 1 2 2 -1 2  # n=5 w=y^{-1}xy^{-2}x^{-1}y^{-1} L=20 class=14_1
ms0230 -1 2 2 2 2 2 2 1 -2 -2 -2 -2 -2 -2 -2 | 1 2 1 2 2 -1 2  # n=6 w=y^{-1}xy^{-2}x^{-1}y^{-1} L=22 class=17_{36}
ms0231 -1 2 2 2 2 2 2 2 1 -2 -2 -2 -2 -2 -2 -2 -2 | 1 2 1 2 2 -1 2  # n=7 w=y^{-1}xy^{-2}x^{-1}y^{-1} L=24 class=21_{37}
ms0234 -1 2 2 2 1 -2 -2 -2 -2 | 1 2 2 1 2 -1 2  # n=3 w=y^{-1}xy^{-1}x^{-1}y^{-2} L=16 class=13_1
ms0235 -1 2 2 2 2 1 -2 -2 -2 -2 -2 | 1 2 2 1 2 -1 2  # n=4 w=y^{-1}xy^{-1}x^{-1}y^{-2} L=18 class=15_1
ms0236 -1 2 2 2 2 2 1 -2 -2 -2 -2 -2 -2 | 1 2 2 1 2 -1 2  # n=5 w=y^{-1}xy^{-1}x^{-1}y^{-2} L=20 class=16_1
ms0237 -1 2 2 2 2 2 2 1 -2 -2 -2 -2 -2 -2 -2 | 1 2 2 1 2 -1 2  # n=6 w=y^{-1}xy^{-1}x^{-1}y^{-2} L=22 class=17_1
ms0238 -1 2 2 2 2 2 2 2 1 -2 -2 -2 -2 -2 -2 -2 -2 | 1 2 2 1 2 -1 2  # n=7 w=y^{-1}xy^{-1}x^{-1}y^{-2} L=24 class=18_7
ms0242 -1 2 2 2 2 1 -2 -2 -2 -2 -2 | 1 2 2 -1 2 1 -2  # n=4 w=yx^{-1}y^{-1}xy^{-2} L=18 class=15_{11}
ms0243 -1 2 2 2 2 2 1 -2 -2 -2 -2 -2 -2 | 1 2 2 -1 2 1 -2  # n=5 w=yx^{-1}y^{-1}xy^{-2} L=20 class=14_1
ms0244 -1 2 2 2 2 2 2 1 -2 -2 -2 -2 -2 -2 -2 | 1 2 2 -1 2 1 -2  # n=6 w=yx^{-1}y^{-1}xy^{-2} L=22 class=17_{36}
ms0245 -1 2 2 2 2 2 2 2 1 -2 -2 -2 -2 -2 -2 -2 -2 | 1 2 2 -1 2 1 -2  # n=7 w=yx^{-1}y^{-1}xy^{-2} L=24 class=15_{13}
ms0256 -1 2 2 2 2 1 -2 -2 -2 -2 -2 | 1 2 1 -2 -2 -1 2  # n=4 w=y^{-1}xy^{2}x^{-1}y^{-1} L=18 class=14_1
ms0258 -1 2 2 2 2 2 2 1 -2 -2 -2 -2 -2 -2 -2 | 1 2 1 -2 -2 -1 2  # n=6 w=y^{-1}xy^{2}x^{-1}y^{-1} L=22 class=19_{34}
ms0259 -1 2 2 2 2 2 2 2 1 -2 -2 -2 -2 -2 -2 -2 -2 | 1 2 1 -2 -2 -1 2  # n=7 w=y^{-1}xy^{2}x^{-1}y^{-1} L=24 class=20_{12}
ms0262 -1 2 2 2 1 -2 -2 -2 -2 | 1 2 -1 2 1 -2 -2  # n=3 w=y^{2}x^{-1}y^{-1}xy^{-1} L=16 class=13_1
ms0263 -1 2 2 2 2 1 -2 -2 -2 -2 -2 | 1 2 -1 2 1 -2 -2  # n=4 w=y^{2}x^{-1}y^{-1}xy^{-1} L=18 class=15_1
ms0264 -1 2 2 2 2 2 1 -2 -2 -2 -2 -2 -2 | 1 2 -1 2 1 -2 -2  # n=5 w=y^{2}x^{-1}y^{-1}xy^{-1} L=20 class=16_1
ms0265 -1 2 2 2 2 2 2 1 -2 -2 -2 -2 -2 -2 -2 | 1 2 -1 2 1 -2 -2  # n=6 w=y^{2}x^{-1}y^{-1}xy^{-1} L=22 class=17_{35}
ms0266 -1 2 2 2 2 2 2 2 1 -2 -2 -2 -2 -2 -2 -2 -2 | 1 2 -1 2 1 -2 -2  # n=7 w=y^{2}x^{-1}y^{-1}xy^{-1} L=24 class=18_6
ms0269 -1 2 2 2 1 -2 -2 -2 -2 | 1 -2 1 2 -1 -2 -2  # n=3 w=y^{2}xy^{-1}x^{-1}y L=16 class=13_1
ms0271 -1 2 2 2 2 2 1 -2 -2 -2 -2 -2 -2 | 1 -2 1 2 -1 -2 -2  # n=5 w=y^{2}xy^{-1}x^{-1}y L=20 class=17_{31}
ms0272 -1 2 2 2 2 2 2 1 -2 -2 -2 -2 -2 -2 -2 | 1 -2 1 2 -1 -2 -2  # n=6 w=y^{2}xy^{-1}x^{-1}y L=22 class=16_7
ms0273 -1 2 2 2 2 2 2 2 1 -2 -2 -2 -2 -2 -2 -2 -2 | 1 -2 1 2 -1 -2 -2  # n=7 w=y^{2}xy^{-1}x^{-1}y L=24 class=21_{35}
ms0276 -1 2 2 2 1 -2 -2 -2 -2 | 1 2 1 2 -1 -2 -2  # n=3 w=y^{2}xy^{-1}x^{-1}y^{-1} L=16 class=13_1
ms0278 -1 2 2 2 2 2 1 -2 -2 -2 -2 -2 -2 | 1 2 1 2 -1 -2 -2  # n=5 w=y^{2}xy^{-1}x^{-1}y^{-1} L=20 class=17_{31}
ms0279 -1 2 2 2 2 2 2 1 -2 -2 -2 -2 -2 -2 -2 | 1 2 1 2 -1 -2 -2  # n=6 w=y^{2}xy^{-1}x^{-1}y^{-1} L=22 class=16_7
ms0280 -1 2 2 2 2 2 2 2 1 -2 -2 -2 -2 -2 -2 -2 -2 | 1 2 1 2 -1 -2 -2  # n=7 w=y^{2}xy^{-1}x^{-1}y^{-1} L=24 class=21_{35}
ms0292 -1 2 2 2 2 2 1 -2 -2 -2 -2 -2 -2 | 1 2 -1 2 2 1 -2  # n=5 w=yx^{-1}y^{-2}xy^{-1} L=20 class=17_{33}
ms0293 -1 2 2 2 2 2 2 1 -2 -2 -2 -2 -2 -2 -2 | 1 2 -1 2 2 1 -2  # n=6 w=yx^{-1}y^{-2}xy^{-1} L=22 class=16_9
ms0294 -1 2 2 2 2 2 2 2 1 -2 -2 -2 -2 -2 -2 -2 -2 | 1 2 -1 2 2 1 -2  # n=7 w=yx^{-1}y^{-2}xy^{-1} L=24 class=23_{23}
ms0304 -1 2 2 2 1 -2 -2 -2 -2 | 1 -2 -1 2 2 1 -2  # n=3 w=yx^{-1}y^{-2}xy L=16 class=13_1
ms0306 -1 2 2 2 2 2 1 -2 -2 -2 -2 -2 -2 | 1 -2 -1 2 2 1 -2  # n=5 w=yx^{-1}y^{-2}xy L=20 class=17_{32}
ms0307 -1 2 2 2 2 2 2 1 -2 -2 -2 -2 -2 -2 -2 | 1 -2 -1 2 2 1 -2  # n=6 w=yx^{-1}y^{-2}xy L=22 class=16_8
ms0308 -1 2 2 2 2 2 2 2 1 -2 -2 -2 -2 -2 -2 -2 -2 | 1 -2 -1 2 2 1 -2  # n=7 w=yx^{-1}y^{-2}xy L=24 class=21_{38}
ms0326 -1 2 2 2 2 1 -2 -2 -2 -2 -2 | 1 2 1 2 2 -1 -2  # n=4 w=yxy^{-2}x^{-1}y^{-1} L=18 class=14_1
ms0328 -1 2 2 2 2 2 2 1 -2 -2 -2 -2 -2 -2 -2 | 1 2 1 2 2 -1 -2  # n=6 w=yxy^{-2}x^{-1}y^{-1} L=22 class=19_{33}
ms0329 -1 2 2 2 2 2 2 2 1 -2 -2 -2 -2 -2 -2 -2 -2 | 1 2 1 2 2 -1 -2  # n=7 w=yxy^{-2}x^{-1}y^{-1} L=24 class=17_{41}
ms0334 -1 2 2 2 2 2 1 -2 -2 -2 -2 -2 -2 | 1 2 1 -2 -1 -2 -2  # n=5 w=y^{2}xyx^{-1}y^{-1} L=20 class=17_{30}
ms0335 -1 2 2 2 2 2 2 1 -2 -2 -2 -2 -2 -2 -2 | 1 2 1 -2 -1 -2 -2  # n=6 w=y^{2}xyx^{-1}y^{-1} L=22 class=16_6
ms0336 -1 2 2 2 2 2 2 2 1 -2 -2 -2 -2 -2 -2 -2 -2 | 1 2 1 -2 -1 -2 -2  # n=7 w=y^{2}xyx^{-1}y^{-1} L=24 class=23_{22}
ms0341 -1 2 2 2 2 2 1 -2 -2 -2 -2 -2 -2 | 1 2 2 -1 2 2 1  # n=5 w=x^{-1}y^{-2}xy^{-2} L=20 class=16_5
ms0342 -1 2 2 2 2 2 2 1 -2 -2 -2 -2 -2 -2 -2 | 1 2 2 -1 2 2 1  # n=6 w=x^{-1}y^{-2}xy^{-2} L=22 class=19_{36}
ms0343 -1 2 2 2 2 2 2 2 1 -2 -2 -2 -2 -2 -2 -2 -2 | 1 2 2 -1 2 2 1  # n=7 w=x^{-1}y^{-2}xy^{-2} L=24 class=20_{11}
ms0346 -1 2 2 2 1 -2 -2 -2 -2 | 1 2 2 1 -2 -1 -2  # n=3 w=yxyx^{-1}y^{-2} L=16 class=13_1
ms0347 -1 2 2 2 2 1 -2 -2 -2 -2 -2 | 1 2 2 1 -2 -1 -2  # n=4 w=yxyx^{-1}y^{-2} L=18 class=15_1
ms0348 -1 2 2 2 2 2 1 -2 -2 -2 -2 -2 -2 | 1 2 2 1 -2 -1 -2  # n=5 w=yxyx^{-1}y^{-2} L=20 class=16_1
ms0349 -1 2 2 2 2 2 2 1 -2 -2 -2 -2 -2 -2 -2 | 1 2 2 1 -2 -1 -2  # n=6 w=yxyx^{-1}y^{-2} L=22 class=17_1
ms0350 -1 2 2 2 2 2 2 2 1 -2 -2 -2 -2 -2 -2 -2 -2 | 1 2 2 1 -2 -1 -2  # n=7 w=yxyx^{-1}y^{-2} L=24 class=18_7
ms0352 -1 2 2 1 -2 -2 -2 | 1 2 -1 -1 2 1 1  # n=2 w=x^{-2}y^{-1}x^{2}y^{-1} L=14 class=14_1
ms0353 -1 2 2 2 1 -2 -2 -2 -2 | 1 2 -1 -1 2 1 1  # n=3 w=x^{-2}y^{-1}x^{2}y^{-1} L=16 class=16_2
ms0354 -1 2 2 2 2 1 -2 -2 -2 -2 -2 | 1 2 -1 -1 2 1 1  # n=4 w=x^{-2}y^{-1}x^{2}y^{-1} L=18 class=18_3
ms0355 -1 2 2 2 2 2 1 -2 -2 -2 -2 -2 -2 | 1 2 -1 -1 2 1 1  # n=5 w=x^{-2}y^{-1}x^{2}y^{-1} L=20 class=20_3
ms0356 -1 2 2 2 2 2 2 1 -2 -2 -2 -2 -2 -2 -2 | 1 2 -1 -1 2 1 1  # n=6 w=x^{-2}y^{-1}x^{2}y^{-1} L=22 class=22_4
ms0357 -1 2 2 2 2 2 2 2 1 -2 -2 -2 -2 -2 -2 -2 -2 | 1 2 -1 -1 2 1 1  # n=7 w=x^{-2}y^{-1}x^{2}y^{-1} L=24 class=24_4
ms0359 -1 2 2 1 -2 -2 -2 | 1 -2 -1 -1 2 1 1  # n=2 w=x^{-2}y^{-1}x^{2}y L=14 class=14_2
ms0360 -1 2 2 2 1 -2 -2 -2 -2 | 1 -2 -1 -1 2 1 1  # n=3 w=x^{-2}y^{-1}x^{2}y L=16 class=16_3
ms0361 -1 2 2 2 2 1 -2 -2 -2 -2 -2 | 1 -2 -1 -1 2 1 1  # n=4 w=x^{-2}y^{-1}x^{2}y L=18 class=18_2
ms0362 -1 2 2 2 2 2 1 -2 -2 -2 -2 -2 -2 | 1 -2 -1 -1 2 1 1  # n=5 w=x^{-2}y^{-1}x^{2}y L=20 class=20_2
ms0363 -1 2 2 2 2 2 2 1 -2 -2 -2 -2 -2 -2 -2 | 1 -2 -1 -1 2 1 1  # n=6 w=x^{-2}y^{-1}x^{2}y L=22 class=22_3
ms0364 -1 2 2 2 2 2 2 2 1 -2 -2 -2 -2 -2 -2 -2 -2 | 1 -2 -1 -1 2 1 1  # n=7 w=x^{-2}y^{-1}x^{2}y L=24 class=24_3
ms0366 -1 2 2 1 -2 -2 -2 | 1 1 1 -2 -1 -1 -2  # n=2 w=yx^{2}yx^{-2} L=14 class=14_1
ms0367 -1 2 2 2 1 -2 -2 -2 -2 | 1 1 1 -2 -1 -1 -2  # n=3 w=yx^{2}yx^{-2} L=16 class=16_2
ms0368 -1 2 2 2 2 1 -2 -2 -2 -2 -2 | 1 1 1 -2 -1 -1 -2  # n=4 w=yx^{2}yx^{-2} L=18 class=18_1
ms0369 -1 2 2 2 2 2 1 -2 -2 -2 -2 -2 -2 | 1 1 1 -2 -1 -1 -2  # n=5 w=yx^{2}yx^{-2} L=20 class=20_1
ms0370 -1 2 2 2 2 2 2 1 -2 -2 -2 -2 -2 -2 -2 | 1 1 1 -2 -1 -1 -2  # n=6 w=yx^{2}yx^{-2} L=22 class=22_1
ms0371 -1 2 2 2 2 2 2 2 1 -2 -2 -2 -2 -2 -2 -2 -2 | 1 1 1 -2 -1 -1 -2  # n=7 w=yx^{2}yx^{-2} L=24 class=24_1
ms0374 -1 2 2 2 1 -2 -2 -2 -2 | 1 -2 -2 1 -2 -1 -2  # n=3 w=yxyx^{-1}y^{2} L=16 class=13_1
ms0375 -1 2 2 2 2 1 -2 -2 -2 -2 -2 | 1 -2 -2 1 -2 -1 -2  # n=4 w=yxyx^{-1}y^{2} L=18 class=15_1
ms0376 -1 2 2 2 2 2 1 -2 -2 -2 -2 -2 -2 | 1 -2 -2 1 -2 -1 -2  # n=5 w=yxyx^{-1}y^{2} L=20 class=16_1
ms0377 -1 2 2 2 2 2 2 1 -2 -2 -2 -2 -2 -2 -2 | 1 -2 -2 1 -2 -1 -2  # n=6 w=yxyx^{-1}y^{2} L=22 class=17_{35}
ms0378 -1 2 2 2 2 2 2 2 1 -2 -2 -2 -2 -2 -2 -2 -2 | 1 -2 -2 1 -2 -1 -2  # n=7 w=yxyx^{-1}y^{2} L=24 class=18_6
ms0383 -1 2 2 2 2 2 1 -2 -2 -2 -2 -2 -2 | 1 1 -2 -1 -2 -2 -2  # n=5 w=y^{3}xyx^{-1} L=20 class=17_{32}
ms0385 -1 2 2 2 2 2 2 2 1 -2 -2 -2 -2 -2 -2 -2 -2 | 1 1 -2 -1 -2 -2 -2  # n=7 w=y^{3}xyx^{-1} L=24 class=19_{40}
ms0390 -1 2 2 2 2 2 1 -2 -2 -2 -2 -2 -2 | 1 2 -1 2 2 2 1  # n=5 w=x^{-1}y^{-3}xy^{-1} L=20 class=17_{31}
ms0392 -1 2 2 2 2 2 2 2 1 -2 -2 -2 -2 -2 -2 -2 -2 | 1 2 -1 2 2 2 1  # n=7 w=x^{-1}y^{-3}xy^{-1} L=24 class=19_{42}
ms0396 -1 2 2 2 2 1 -2 -2 -2 -2 -2 | 1 1 2 -1 -2 -2 -2  # n=4 w=y^{3}xy^{-1}x^{-1} L=18 class=15_1
ms0397 -1 2 2 2 2 2 1 -2 -2 -2 -2 -2 -2 | 1 1 2 -1 -2 -2 -2  # n=5 w=y^{3}xy^{-1}x^{-1} L=20 class=17_{33}
ms0399 -1 2 2 2 2 2 2 2 1 -2 -2 -2 -2 -2 -2 -2 -2 | 1 1 2 -1 -2 -2 -2  # n=7 w=y^{3}xy^{-1}x^{-1} L=24 class=18_9
ms0403 -1 2 2 2 2 1 -2 -2 -2 -2 -2 | 1 -2 -1 2 2 2 1  # n=4 w=x^{-1}y^{-3}xy L=18 class=15_1
ms0404 -1 2 2 2 2 2 1 -2 -2 -2 -2 -2 -2 | 1 -2 -1 2 2 2 1  # n=5 w=x^{-1}y^{-3}xy L=20 class=17_{30}
ms0406 -1 2 2 2 2 2 2 2 1 -2 -2 -2 -2 -2 -2 -2 -2 | 1 -2 -1 2 2 2 1  # n=7 w=x^{-1}y^{-3}xy L=24 class=18_{11}
ms0409 -1 2 2 2 1 -2 -2 -2 -2 | 1 1 2 2 2 -1 -2  # n=3 w=yxy^{-3}x^{-1} L=16 class=13_1
ms0410 -1 2 2 2 2 1 -2 -2 -2 -2 -2 | 1 1 2 2 2 -1 -2  # n=4 w=yxy^{-3}x^{-1} L=18 class=15_{10}
ms0412 -1 2 2 2 2 2 2 1 -2 -2 -2 -2 -2 -2 -2 | 1 1 2 2 2 -1 -2  # n=6 w=yxy^{-3}x^{-1} L=22 class=17_{38}
ms0413 -1 2 2 2 2 2 2 2 1 -2 -2 -2 -2 -2 -2 -2 -2 | 1 1 2 2 2 -1 -2  # n=7 w=yxy^{-3}x^{-1} L=24 class=18_8
ms0415 -1 2 2 1 -2 -2 -2 | 1 1 1 2 -1 -1 -2  # n=2 w=yx^{2}y^{-1}x^{-2} L=14 class=14_2
ms0416 -1 2 2 2 1 -2 -2 -2 -2 | 1 1 1 2 -1 -1 -2  # n=3 w=yx^{2}y^{-1}x^{-2} L=16 class=16_3
ms0417 -1 2 2 2 2 1 -2 -2 -2 -2 -2 | 1 1 1 2 -1 -1 -2  # n=4 w=yx^{2}y^{-1}x^{-2} L=18 class=18_2
ms0418 -1 2 2 2 2 2 1 -2 -2 -2 -2 -2 -2 | 1 1 1 2 -1 -1 -2  # n=5 w=yx^{2}y^{-1}x^{-2} L=20 class=20_2
ms0419 -1 2 2 2 2 2 2 1 -2 -2 -2 -2 -2 -2 -2 | 1 1 1 2 -1 -1 -2  # n=6 w=yx^{2}y^{-1}x^{-2} L=22 class=22_2
ms0420 -1 2 2 2 2 2 2 2 1 -2 -2 -2 -2 -2 -2 -2 -2 | 1 1 1 2 -1 -1 -2  # n=7 w=yx^{2}y^{-1}x^{-2} L=24 class=24_2
ms0438 -1 2 2 2 2 1 -2 -2 -2 -2 -2 | 1 2 1 -2 -2 -1 -2  # n=4 w=yxy^{2}x^{-1}y^{-1} L=18 class=15_{10}
ms0439 -1 2 2 2 2 2 1 -2 -2 -2 -2 -2 -2 | 1 2 1 -2 -2 -1 -2  # n=5 w=yxy^{2}x^{-1}y^{-1} L=20 class=14_1
ms0440 -1 2 2 2 2 2 2 1 -2 -2 -2 -2 -2 -2 -2 | 1 2 1 -2 -2 -1 -2  # n=6 w=yxy^{2}x^{-1}y^{-1} L=22 class=17_{34}
ms0441 -1 2 2 2 2 2 2 2 1 -2 -2 -2 -2 -2 -2 -2 -2 | 1 2 1 -2 -2 -1 -2  # n=7 w=yxy^{2}x^{-1}y^{-1} L=24 class=15_{12}
ms0452 -1 2 2 2 2 1 -2 -2 -2 -2 -2 | 1 -2 1 -2 -2 -1 -2  # n=4 w=yxy^{2}x^{-1}y L=18 class=15_{10}
ms0453 -1 2 2 2 2 2 1 -2 -2 -2 -2 -2 -2 | 1 -2 1 -2 -2 -1 -2  # n=5 w=yxy^{2}x^{-1}y L=20 class=14_1
ms0454 -1 2 2 2 2 2 2 1 -2 -2 -2 -2 -2 -2 -2 | 1 -2 1 -2 -2 -1 -2  # n=6 w=yxy^{2}x^{-1}y L=22 class=17_{34}
ms0455 -1 2 2 2 2 2 2 2 1 -2 -2 -2 -2 -2 -2 -2 -2 | 1 -2 1 -2 -2 -1 -2  # n=7 w=yxy^{2}x^{-1}y L=24 class=21_{34}
ms0458 -1 2 2 2 1 -2 -2 -2 -2 | 1 -2 -2 -2 -1 2 1  # n=3 w=x^{-1}y^{-1}xy^{3} L=16 class=13_1
ms0459 -1 2 2 2 2 1 -2 -2 -2 -2 -2 | 1 -2 -2 -2 -1 2 1  # n=4 w=x^{-1}y^{-1}xy^{3} L=18 class=15_{11}
ms0461 -1 2 2 2 2 2 2 1 -2 -2 -2 -2 -2 -2 -2 | 1 -2 -2 -2 -1 2 1  # n=6 w=x^{-1}y^{-1}xy^{3} L=22 class=17_{39}
ms0462 -1 2 2 2 2 2 2 2 1 -2 -2 -2 -2 -2 -2 -2 -2 | 1 -2 -2 -2 -1 2 1  # n=7 w=x^{-1}y^{-1}xy^{3} L=24 class=18_{10}
ms0467 -1 2 2 2 2 2 1 -2 -2 -2 -2 -2 -2 | 1 1 -2 -2 -1 -2 -2  # n=5 w=y^{2}xy^{2}x^{-1} L=20 class=16_4
ms0468 -1 2 2 2 2 2 2 1 -2 -2 -2 -2 -2 -2 -2 | 1 1 -2 -2 -1 -2 -2  # n=6 w=y^{2}xy^{2}x^{-1} L=22 class=19_{35}
ms0469 -1 2 2 2 2 2 2 2 1 -2 -2 -2 -2 -2 -2 -2 -2 | 1 1 -2 -2 -1 -2 -2  # n=7 w=y^{2}xy^{2}x^{-1} L=24 class=20_{10}
ms0472 -1 2 2 2 1 -2 -2 -2 -2 | 1 -2 -1 2 2 1 2  # n=3 w=y^{-1}x^{-1}y^{-2}xy L=16 class=13_1
ms0474 -1 2 2 2 2 2 1 -2 -2 -2 -2 -2 -2 | 1 -2 -1 2 2 1 2  # n=5 w=y^{-1}x^{-1}y^{-2}xy L=20 class=17_{32}
ms0475 -1 2 2 2 2 2 2 1 -2 -2 -2 -2 -2 -2 -2 | 1 -2 -1 2 2 1 2  # n=6 w=y^{-1}x^{-1}y^{-2}xy L=22 class=16_8
ms0476 -1 2 2 2 2 2 2 2 1 -2 -2 -2 -2 -2 -2 -2 -2 | 1 -2 -1 2 2 1 2  # n=7 w=y^{-1}x^{-1}y^{-2}xy L=24 class=21_{38}
ms0480 -1 2 2 2 2 1 -2 -2 -2 -2 -2 | 1 1 -2 -2 -2 -1 -2  # n=4 w=yxy^{3}x^{-1} L=18 class=14_1
ms0482 -1 2 2 2 2 2 2 1 -2 -2 -2 -2 -2 -2 -2 | 1 1 -2 -2 -2 -1 -2  # n=6 w=yxy^{3}x^{-1} L=22 class=17_{37}
ms0483 -1 2 2 2 2 2 2 2 1 -2 -2 -2 -2 -2 -2 -2 -2 | 1 1 -2 -2 -2 -1 -2  # n=7 w=yxy^{3}x^{-1} L=24 class=19_{39}
ms0487 -1 2 2 2 2 1 -2 -2 -2 -2 -2 | 1 2 2 2 -1 2 1  # n=4 w=x^{-1}y^{-1}xy^{-3} L=18 class=14_1
ms0489 -1 2 2 2 2 2 2 1 -2 -2 -2 -2 -2 -2 -2 | 1 2 2 2 -1 2 1  # n=6 w=x^{-1}y^{-1}xy^{-3} L=22 class=17_{40}
ms0490 -1 2 2 2 2 2 2 2 1 -2 -2 -2 -2 -2 -2 -2 -2 | 1 2 2 2 -1 2 1  # n=7 w=x^{-1}y^{-1}xy^{-3} L=24 class=19_{41}
ms0495 -1 2 2 2 2 2 1 -2 -2 -2 -2 -2 -2 | 1 -2 1 -2 -1 -2 -2  # n=5 w=y^{2}xyx^{-1}y L=20 class=17_{30}
ms0496 -1 2 2 2 2 2 2 1 -2 -2 -2 -2 -2 -2 -2 | 1 -2 1 -2 -1 -2 -2  # n=6 w=y^{2}xyx^{-1}y L=22 class=16_6
ms0497 -1 2 2 2 2 2 2 2 1 -2 -2 -2 -2 -2 -2 -2 -2 | 1 -2 1 -2 -1 -2 -2  # n=7 w=y^{2}xyx^{-1}y L=24 class=23_{22}
ms0502 -1 2 2 2 2 2 1 -2 -2 -2 -2 -2 -2 | 1 2 -1 2 2 1 2  # n=5 w=y^{-1}x^{-1}y^{-2}xy^{-1} L=20 class=17_{33}
ms0503 -1 2 2 2 2 2 2 1 -2 -2 -2 -2 -2 -2 -2 | 1 2 -1 2 2 1 2  # n=6 w=y^{-1}x^{-1}y^{-2}xy^{-1} L=22 class=16_9
ms0504 -1 2 2 2 2 2 2 2 1 -2 -2 -2 -2 -2 -2 -2 -2 | 1 2 -1 2 2 1 2  # n=7 w=y^{-1}x^{-1}y^{-2}xy^{-1} L=24 class=23_{23}
ms0507 -1 2 2 2 1 -2 -2 -2 -2 | 1 2 2 2 1 -2 -1 -2  # n=3 w=yxyx^{-1}y^{-3} L=17 class=13_1
ms0508 -1 2 2 2 2 1 -2 -2 -2 -2 -2 | 1 2 2 2 1 -2 -1 -2  # n=4 w=yxyx^{-1}y^{-3} L=19 class=15_1
ms0509 -1 2 2 2 2 2 1 -2 -2 -2 -2 -2 -2 | 1 2 2 2 1 -2 -1 -2  # n=5 w=yxyx^{-1}y^{-3} L=21 class=16_1
ms0510 -1 2 2 2 2 2 2 1 -2 -2 -2 -2 -2 -2 -2 | 1 2 2 2 1 -2 -1 -2  # n=6 w=yxyx^{-1}y^{-3} L=23 class=17_1
ms0511 -1 2 2 2 2 2 2 2 1 -2 -2 -2 -2 -2 -2 -2 -2 | 1 2 2 2 1 -2 -1 -2  # n=7 w=yxyx^{-1}y^{-3} L=25 class=18_7
ms0517 -1 2 2 2 2 2 2 1 -2 -2 -2 -2 -2 -2 -2 | 1 1 -2 -2 -2 -2 -1 -2  # n=6 w=yxy^{4}x^{-1} L=23 class=17_{38}
ms0522 -1 2 2 2 2 1 -2 -2 -2 -2 -2 | 1 -2 1 -2 -2 -2 -1 -2  # n=4 w=yxy^{3}x^{-1}y L=19 class=14_1
ms0524 -1 2 2 2 2 2 2 1 -2 -2 -2 -2 -2 -2 -2 | 1 -2 1 -2 -2 -2 -1 -2  # n=6 w=yxy^{3}x^{-1}y L=23 class=17_{37}
ms0525 -1 2 2 2 2 2 2 2 1 -2 -2 -2 -2 -2 -2 -2 -2 | 1 -2 1 -2 -2 -2 -1 -2  # n=7 w=yxy^{3}x^{-1}y L=25 class=19_{39}
ms0527 -1 2 2 1 -2 -2 -2 | 1 1 1 2 -1 -2 -1 -2  # n=2 w=yxyxy^{-1}x^{-2} L=15 class=15_7
ms0528 -1 2 2 2 1 -2 -2 -2 -2 | 1 1 1 2 -1 -2 -1 -2  # n=3 w=yxyxy^{-1}x^{-2} L=17 class=17_{13}
ms0529 -1 2 2 2 2 1 -2 -2 -2 -2 -2 | 1 1 1 2 -1 -2 -1 -2  # n=4 w=yxyxy^{-1}x^{-2} L=19 class=19_{12}
ms0530 -1 2 2 2 2 2 1 -2 -2 -2 -2 -2 -2 | 1 1 1 2 -1 -2 -1 -2  # n=5 w=yxyxy^{-1}x^{-2} L=21 class=21_{11}
ms0531 -1 2 2 2 2 2 2 1 -2 -2 -2 -2 -2 -2 -2 | 1 1 1 2 -1 -2 -1 -2  # n=6 w=yxyxy^{-1}x^{-2} L=23 class=23_6
ms0532 -1 2 2 2 2 2 2 2 1 -2 -2 -2 -2 -2 -2 -2 -2 | 1 1 1 2 -1 -2 -1 -2  # n=7 w=yxyxy^{-1}x^{-2} L=25 class=25_{12}
ms0534 -1 2 2 1 -2 -2 -2 | 1 1 1 -2 -1 -2 -1 -2  # n=2 w=yxyxyx^{-2} L=15 class=15_6
ms0535 -1 2 2 2 1 -2 -2 -2 -2 | 1 1 1 -2 -1 -2 -1 -2  # n=3 w=yxyxyx^{-2} L=17 class=17_{12}
ms0536 -1 2 2 2 2 1 -2 -2 -2 -2 -2 | 1 1 1 -2 -1 -2 -1 -2  # n=4 w=yxyxyx^{-2} L=19 class=19_{11}
ms0537 -1 2 2 2 2 2 1 -2 -2 -2 -2 -2 -2 | 1 1 1 -2 -1 -2 -1 -2  # n=5 w=yxyxyx^{-2} L=21 class=21_{10}
ms0538 -1 2 2 2 2 2 2 1 -2 -2 -2 -2 -2 -2 -2 | 1 1 1 -2 -1 -2 -1 -2  # n=6 w=yxyxyx^{-2} L=23 class=23_5
ms0539 -1 2 2 2 2 2 2 2 1 -2 -2 -2 -2 -2 -2 -2 -2 | 1 1 1 -2 -1 -2 -1 -2  # n=7 w=yxyxyx^{-2} L=25 class=25_{11}
ms0543 -1 2 2 2 2 1 -2 -2 -2 -2 -2 | 1 -2 -2 1 -2 -2 -1 -2  # n=4 w=yxy^{2}x^{-1}y^{2} L=19 class=15_{10}
ms0544 -1 2 2 2 2 2 1 -2 -2 -2 -2 -2 -2 | 1 -2 -2 1 -2 -2 -1 -2  # n=5 w=yxy^{2}x^{-1}y^{2} L=21 class=14_1
ms0545 -1 2 2 2 2 2 2 1 -2 -2 -2 -2 -2 -2 -2 | 1 -2 -2 1 -2 -2 -1 -2  # n=6 w=yxy^{2}x^{-1}y^{2} L=23 class=17_{34}
ms0546 -1 2 2 2 2 2 2 2 1 -2 -2 -2 -2 -2 -2 -2 -2 | 1 -2 -2 1 -2 -2 -1 -2  # n=7 w=yxy^{2}x^{-1}y^{2} L=25 class=21_{34}
ms0550 -1 2 2 2 2 1 -2 -2 -2 -2 -2 | 1 2 2 1 -2 -2 -1 -2  # n=4 w=yxy^{2}x^{-1}y^{-2} L=19 class=15_{10}
ms0551 -1 2 2 2 2 2 1 -2 -2 -2 -2 -2 -2 | 1 2 2 1 -2 -2 -1 -2  # n=5 w=yxy^{2}x^{-1}y^{-2} L=21 class=14_1
ms0552 -1 2 2 2 2 2 2 1 -2 -2 -2 -2 -2 -2 -2 | 1 2 2 1 -2 -2 -1 -2  # n=6 w=yxy^{2}x^{-1}y^{-2} L=23 class=17_{34}
ms0553 -1 2 2 2 2 2 2 2 1 -2 -2 -2 -2 -2 -2 -2 -2 | 1 2 2 1 -2 -2 -1 -2  # n=7 w=yxy^{2}x^{-1}y^{-2} L=25 class=15_{14}
ms0556 -1 2 2 2 1 -2 -2 -2 -2 | 1 -2 -2 -2 1 -2 -1 -2  # n=3 w=yxyx^{-1}y^{3} L=17 class=13_1
ms0557 -1 2 2 2 2 1 -2 -2 -2 -2 -2 | 1 -2 -2 -2 1 -2 -1 -2  # n=4 w=yxyx^{-1}y^{3} L=19 class=15_1
ms0558 -1 2 2 2 2 2 1 -2 -2 -2 -2 -2 -2 | 1 -2 -2 -2 1 -2 -1 -2  # n=5 w=yxyx^{-1}y^{3} L=21 class=16_1
ms0559 -1 2 2 2 2 2 2 1 -2 -2 -2 -2 -2 -2 -2 | 1 -2 -2 -2 1 -2 -1 -2  # n=6 w=yxyx^{-1}y^{3} L=23 class=17_{35}
ms0560 -1 2 2 2 2 2 2 2 1 -2 -2 -2 -2 -2 -2 -2 -2 | 1 -2 -2 -2 1 -2 -1 -2  # n=7 w=yxyx^{-1}y^{3} L=25 class=18_6
ms0564 -1 2 2 2 2 1 -2 -2 -2 -2 -2 | 1 2 1 -2 -2 -2 -1 -2  # n=4 w=yxy^{3}x^{-1}y^{-1} L=19 class=14_1
ms0566 -1 2 2 2 2 2 2 1 -2 -2 -2 -2 -2 -2 -2 | 1 2 1 -2 -2 -2 -1 -2  # n=6 w=yxy^{3}x^{-1}y^{-1} L=23 class=17_{37}
ms0567 -1 2 2 2 2 2 2 2 1 -2 -2 -2 -2 -2 -2 -2 -2 | 1 2 1 -2 -2 -2 -1 -2  # n=7 w=yxy^{3}x^{-1}y^{-1} L=25 class=19_{39}
ms0570 -1 2 2 2 1 -2 -2 -2 -2 | 1 2 -1 -1 2 2 1 1  # n=3 w=x^{-2}y^{-2}x^{2}y^{-1} L=17 class=17_9
ms0571 -1 2 2 2 2 1 -2 -2 -2 -2 -2 | 1 2 -1 -1 2 2 1 1  # n=4 w=x^{-2}y^{-2}x^{2}y^{-1} L=19 class=19_{28}
ms0572 -1 2 2 2 2 2 1 -2 -2 -2 -2 -2 -2 | 1 2 -1 -1 2 2 1 1  # n=5 w=x^{-2}y^{-2}x^{2}y^{-1} L=21 class=21_{26}
ms0573 -1 2 2 2 2 2 2 1 -2 -2 -2 -2 -2 -2 -2 | 1 2 -1 -1 2 2 1 1  # n=6 w=x^{-2}y^{-2}x^{2}y^{-1} L=23 class=23_{19}
ms0574 -1 2 2 2 2 2 2 2 1 -2 -2 -2 -2 -2 -2 -2 -2 | 1 2 -1 -1 2 2 1 1  # n=7 w=x^{-2}y^{-2}x^{2}y^{-1} L=25 class=25_{28}
ms0577 -1 2 2 2 1 -2 -2 -2 -2 | 1 -2 -1 2 2 1 -2 -2  # n=3 w=y^{2}x^{-1}y^{-2}xy L=17 class=13_1
ms0579 -1 2 2 2 2 2 1 -2 -2 -2 -2 -2 -2 | 1 -2 -1 2 2 1 -2 -2  # n=5 w=y^{2}x^{-1}y^{-2}xy L=21 class=17_{32}
ms0580 -1 2 2 2 2 2 2 1 -2 -2 -2 -2 -2 -2 -2 | 1 -2 -1 2 2 1 -2 -2  # n=6 w=y^{2}x^{-1}y^{-2}xy L=23 class=16_8
ms0581 -1 2 2 2 2 2 2 2 1 -2 -2 -2 -2 -2 -2 -2 -2 | 1 -2 -1 2 2 1 -2 -2  # n=7 w=y^{2}x^{-1}y^{-2}xy L=25 class=21_{38}
ms0584 -1 2 2 2 1 -2 -2 -2 -2 | 1 1 -2 -1 -2 -2 -2 -2  # n=3 w=y^{4}xyx^{-1} L=17 class=13_1
ms0587 -1 2 2 2 2 2 2 1 -2 -2 -2 -2 -2 -2 -2 | 1 1 -2 -1 -2 -2 -2 -2  # n=6 w=y^{4}xyx^{-1} L=23 class=16_8
ms0588 -1 2 2 2 2 2 2 2 1 -2 -2 -2 -2 -2 -2 -2 -2 | 1 1 -2 -1 -2 -2 -2 -2  # n=7 w=y^{4}xyx^{-1} L=25 class=19_{46}
ms0593 -1 2 2 2 2 2 1 -2 -2 -2 -2 -2 -2 | 1 1 2 -1 -2 -2 -2 -2  # n=5 w=y^{4}xy^{-1}x^{-1} L=21 class=16_1
ms0594 -1 2 2 2 2 2 2 1 -2 -2 -2 -2 -2 -2 -2 | 1 1 2 -1 -2 -2 -2 -2  # n=6 w=y^{4}xy^{-1}x^{-1} L=23 class=16_9
ms0595 -1 2 2 2 2 2 2 2 1 -2 -2 -2 -2 -2 -2 -2 -2 | 1 1 2 -1 -2 -2 -2 -2  # n=7 w=y^{4}xy^{-1}x^{-1} L=25 class=19_{47}
ms0599 -1 2 2 2 2 1 -2 -2 -2 -2 -2 | 1 1 -2 -2 -1 -2 -2 -2  # n=4 w=y^{3}xy^{2}x^{-1} L=19 class=14_1
ms0602 -1 2 2 2 2 2 2 2 1 -2 -2 -2 -2 -2 -2 -2 -2 | 1 1 -2 -2 -1 -2 -2 -2  # n=7 w=y^{3}xy^{2}x^{-1} L=25 class=21_{40}
ms0607 -1 2 2 2 2 2 1 -2 -2 -2 -2 -2 -2 | 1 -2 1 -2 -1 -2 -2 -2  # n=5 w=y^{3}xyx^{-1}y L=21 class=17_{32}
ms0609 -1 2 2 2 2 2 2 2 1 -2 -2 -2 -2 -2 -2 -2 -2 | 1 -2 1 -2 -1 -2 -2 -2  # n=7 w=y^{3}xyx^{-1}y L=25 class=19_{40}
ms0614 -1 2 2 2 2 2 1 -2 -2 -2 -2 -2 -2 | 1 2 1 -2 -1 -2 -2 -2  # n=5 w=y^{3}xyx^{-1}y^{-1} L=21 class=17_{32}
ms0616 -1 2 2 2 2 2 2 2 1 -2 -2 -2 -2 -2 -2 -2 -2 | 1 2 1 -2 -1 -2 -2 -2  # n=7 w=y^{3}xyx^{-1}y^{-1} L=25 class=19_{40}
ms0620 -1 2 2 2 2 1 -2 -2 -2 -2 -2 | 1 1 2 2 -1 -2 -2 -2  # n=4 w=y^{3}xy^{-2}x^{-1} L=19 class=15_{11}
ms0621 -1 2 2 2 2 2 1 -2 -2 -2 -2 -2 -2 | 1 1 2 2 -1 -2 -2 -2  # n=5 w=y^{3}xy^{-2}x^{-1} L=21 class=16_5
ms0623 -1 2 2 2 2 2 2 2 1 -2 -2 -2 -2 -2 -2 -2 -2 | 1 1 2 2 -1 -2 -2 -2  # n=7 w=y^{3}xy^{-2}x^{-1} L=25 class=19_{45}
ms0627 -1 2 2 2 2 1 -2 -2 -2 -2 -2 | 1 -2 1 2 -1 -2 -2 -2  # n=4 w=y^{3}xy^{-1}x^{-1}y L=19 class=15_1
ms0628 -1 2 2 2 2 2 1 -2 -2 -2 -2 -2 -2 | 1 -2 1 2 -1 -2 -2 -2  # n=5 w=y^{3}xy^{-1}x^{-1}y L=21 class=17_{33}
ms0630 -1 2 2 2 2 2 2 2 1 -2 -2 -2 -2 -2 -2 -2 -2 | 1 -2 1 2 -1 -2 -2 -2  # n=7 w=y^{3}xy^{-1}x^{-1}y L=25 class=18_9
ms0634 -1 2 2 2 2 1 -2 -2 -2 -2 -2 | 1 2 1 2 -1 -2 -2 -2  # n=4 w=y^{3}xy^{-1}x^{-1}y^{-1} L=19 class=15_1
ms0635 -1 2 2 2 2 2 1 -2 -2 -2 -2 -2 -2 | 1 2 1 2 -1 -2 -2 -2  # n=5 w=y^{3}xy^{-1}x^{-1}y^{-1} L=21 class=17_{33}
ms0637 -1 2 2 2 2 2 2 2 1 -2 -2 -2 -2 -2 -2 -2 -2 | 1 2 1 2 -1 -2 -2 -2  # n=7 w=y^{3}xy^{-1}x^{-1}y^{-1} L=25 class=18_9
ms0647 -1 2 2 2 1 -2 -2 -2 -2 | 1 2 -1 2 1 -2 -2 -2  # n=3 w=y^{3}x^{-1}y^{-1}xy^{-1} L=17 class=13_1
ms0648 -1 2 2 2 2 1 -2 -2 -2 -2 -2 | 1 2 -1 2 1 -2 -2 -2  # n=4 w=y^{3}x^{-1}y^{-1}xy^{-1} L=19 class=15_1
ms0649 -1 2 2 2 2 2 1 -2 -2 -2 -2 -2 -2 | 1 2 -1 2 1 -2 -2 -2  # n=5 w=y^{3}x^{-1}y^{-1}xy^{-1} L=21 class=16_1
ms0650 -1 2 2 2 2 2 2 1 -2 -2 -2 -2 -2 -2 -2 | 1 2 -1 2 1 -2 -2 -2  # n=6 w=y^{3}x^{-1}y^{-1}xy^{-1} L=23 class=17_{35}
ms0651 -1 2 2 2 2 2 2 2 1 -2 -2 -2 -2 -2 -2 -2 -2 | 1 2 -1 2 1 -2 -2 -2  # n=7 w=y^{3}x^{-1}y^{-1}xy^{-1} L=25 class=18_6
ms0654 -1 2 2 2 1 -2 -2 -2 -2 | 1 1 -2 -2 -2 -1 -2 -2  # n=3 w=y^{2}xy^{3}x^{-1} L=17 class=13_1
ms0657 -1 2 2 2 2 2 2 1 -2 -2 -2 -2 -2 -2 -2 | 1 1 -2 -2 -2 -1 -2 -2  # n=6 w=y^{2}xy^{3}x^{-1} L=23 class=18_4
ms0658 -1 2 2 2 2 2 2 2 1 -2 -2 -2 -2 -2 -2 -2 -2 | 1 1 -2 -2 -2 -1 -2 -2  # n=7 w=y^{2}xy^{3}x^{-1} L=25 class=21_{39}
ms0663 -1 2 2 2 2 2 1 -2 -2 -2 -2 -2 -2 | 1 -2 1 -2 -2 -1 -2 -2  # n=5 w=y^{2}xy^{2}x^{-1}y L=21 class=16_4
ms0664 -1 2 2 2 2 2 2 1 -2 -2 -2 -2 -2 -2 -2 | 1 -2 1 -2 -2 -1 -2 -2  # n=6 w=y^{2}xy^{2}x^{-1}y L=23 class=19_{35}
ms0665 -1 2 2 2 2 2 2 2 1 -2 -2 -2 -2 -2 -2 -2 -2 | 1 -2 1 -2 -2 -1 -2 -2  # n=7 w=y^{2}xy^{2}x^{-1}y L=25 class=20_{10}
ms0670 -1 2 2 2 2 2 1 -2 -2 -2 -2 -2 -2 | 1 2 1 -2 -2 -1 -2 -2  # n=5 w=y^{2}xy^{2}x^{-1}y^{-1} L=21 class=16_4
ms0671 -1 2 2 2 2 2 2 1 -2 -2 -2 -2 -2 -2 -2 | 1 2 1 -2 -2 -1 -2 -2  # n=6 w=y^{2}xy^{2}x^{-1}y^{-1} L=23 class=19_{35}
ms0672 -1 2 2 2 2 2 2 2 1 -2 -2 -2 -2 -2 -2 -2 -2 | 1 2 1 -2 -2 -1 -2 -2  # n=7 w=y^{2}xy^{2}x^{-1}y^{-1} L=25 class=20_{10}
ms0677 -1 2 2 2 2 2 1 -2 -2 -2 -2 -2 -2 | 1 -2 -2 1 -2 -1 -2 -2  # n=5 w=y^{2}xyx^{-1}y^{2} L=21 class=17_{30}
ms0678 -1 2 2 2 2 2 2 1 -2 -2 -2 -2 -2 -2 -2 | 1 -2 -2 1 -2 -1 -2 -2  # n=6 w=y^{2}xyx^{-1}y^{2} L=23 class=16_{10}
ms0679 -1 2 2 2 2 2 2 2 1 -2 -2 -2 -2 -2 -2 -2 -2 | 1 -2 -2 1 -2 -1 -2 -2  # n=7 w=y^{2}xyx^{-1}y^{2} L=25 class=23_{22}
ms0684 -1 2 2 2 2 2 1 -2 -2 -2 -2 -2 -2 | 1 2 2 1 -2 -1 -2 -2  # n=5 w=y^{2}xyx^{-1}y^{-2} L=21 class=17_{30}
ms0685 -1 2 2 2 2 2 2 1 -2 -2 -2 -2 -2 -2 -2 | 1 2 2 1 -2 -1 -2 -2  # n=6 w=y^{2}xyx^{-1}y^{-2} L=23 class=16_6
ms0686 -1 2 2 2 2 2 2 2 1 -2 -2 -2 -2 -2 -2 -2 -2 | 1 2 2 1 -2 -1 -2 -2  # n=7 w=y^{2}xyx^{-1}y^{-2} L=25 class=19_{43}
ms0689 -1 2 2 2 1 -2 -2 -2 -2 | 1 1 1 -2 -1 -1 -2 -2  # n=3 w=y^{2}x^{2}yx^{-2} L=17 class=17_{16}
ms0690 -1 2 2 2 2 1 -2 -2 -2 -2 -2 | 1 1 1 -2 -1 -1 -2 -2  # n=4 w=y^{2}x^{2}yx^{-2} L=19 class=19_{15}
ms0691 -1 2 2 2 2 2 1 -2 -2 -2 -2 -2 -2 | 1 1 1 -2 -1 -1 -2 -2  # n=5 w=y^{2}x^{2}yx^{-2} L=21 class=21_{14}
ms0692 -1 2 2 2 2 2 2 1 -2 -2 -2 -2 -2 -2 -2 | 1 1 1 -2 -1 -1 -2 -2  # n=6 w=y^{2}x^{2}yx^{-2} L=23 class=23_9
ms0693 -1 2 2 2 2 2 2 2 1 -2 -2 -2 -2 -2 -2 -2 -2 | 1 1 1 -2 -1 -1 -2 -2  # n=7 w=y^{2}x^{2}yx^{-2} L=25 class=25_{15}
ms0696 -1 2 2 2 1 -2 -2 -2 -2 | 1 1 1 2 -1 -1 -2 -2  # n=3 w=y^{2}x^{2}y^{-1}x^{-2} L=17 class=17_{17}
ms0697 -1 2 2 2 2 1 -2 -2 -2 -2 -2 | 1 1 1 2 -1 -1 -2 -2  # n=4 w=y^{2}x^{2}y^{-1}x^{-2} L=19 class=19_{16}
ms0698 -1 2 2 2 2 2 1 -2 -2 -2 -2 -2 -2 | 1 1 1 2 -1 -1 -2 -2  # n=5 w=y^{2}x^{2}y^{-1}x^{-2} L=21 class=21_{15}
ms0699 -1 2 2 2 2 2 2 1 -2 -2 -2 -2 -2 -2 -2 | 1 1 1 2 -1 -1 -2 -2  # n=6 w=y^{2}x^{2}y^{-1}x^{-2} L=23 class=23_{10}
ms0700 -1 2 2 2 2 2 2 2 1 -2 -2 -2 -2 -2 -2 -2 -2 | 1 1 1 2 -1 -1 -2 -2  # n=7 w=y^{2}x^{2}y^{-1}x^{-2} L=25 class=25_{16}
ms0707 -1 2 2 2 2 2 2 2 1 -2 -2 -2 -2 -2 -2 -2 -2 | 1 1 2 2 2 -1 -2 -2  # n=7 w=y^{2}xy^{-3}x^{-1} L=25 class=19_{44}
ms0717 -1 2 2 2 1 -2 -2 -2 -2 | 1 -2 -2 1 2 -1 -2 -2  # n=3 w=y^{2}xy^{-1}x^{-1}y^{2} L=17 class=13_1
ms0719 -1 2 2 2 2 2 1 -2 -2 -2 -2 -2 -2 | 1 -2 -2 1 2 -1 -2 -2  # n=5 w=y^{2}xy^{-1}x^{-1}y^{2} L=21 class=17_{31}
ms0720 -1 2 2 2 2 2 2 1 -2 -2 -2 -2 -2 -2 -2 | 1 -2 -2 1 2 -1 -2 -2  # n=6 w=y^{2}xy^{-1}x^{-1}y^{2} L=23 class=16_7
ms0721 -1 2 2 2 2 2 2 2 1 -2 -2 -2 -2 -2 -2 -2 -2 | 1 -2 -2 1 2 -1 -2 -2  # n=7 w=y^{2}xy^{-1}x^{-1}y^{2} L=25 class=21_{35}
ms0724 -1 2 2 2 1 -2 -2 -2 -2 | 1 2 2 1 2 -1 -2 -2  # n=3 w=y^{2}xy^{-1}x^{-1}y^{-2} L=17 class=13_1
ms0726 -1 2 2 2 2 2 1 -2 -2 -2 -2 -2 -2 | 1 2 2 1 2 -1 -2 -2  # n=5 w=y^{2}xy^{-1}x^{-1}y^{-2} L=21 class=17_{31}
ms0727 -1 2 2 2 2 2 2 1 -2 -2 -2 -2 -2 -2 -2 | 1 2 2 1 2 -1 -2 -2  # n=6 w=y^{2}xy^{-1}x^{-1}y^{-2} L=23 class=16_7
ms0728 -1 2 2 2 2 2 2 2 1 -2 -2 -2 -2 -2 -2 -2 -2 | 1 2 2 1 2 -1 -2 -2  # n=7 w=y^{2}xy^{-1}x^{-1}y^{-2} L=25 class=21_{35}
ms0732 -1 2 2 2 2 1 -2 -2 -2 -2 -2 | 1 -2 -2 -1 2 1 -2 -2  # n=4 w=y^{2}x^{-1}y^{-1}xy^{2} L=19 class=14_1
ms0734 -1 2 2 2 2 2 2 1 -2 -2 -2 -2 -2 -2 -2 | 1 -2 -2 -1 2 1 -2 -2  # n=6 w=y^{2}x^{-1}y^{-1}xy^{2} L=23 class=19_{34}
ms0735 -1 2 2 2 2 2 2 2 1 -2 -2 -2 -2 -2 -2 -2 -2 | 1 -2 -2 -1 2 1 -2 -2  # n=7 w=y^{2}x^{-1}y^{-1}xy^{2} L=25 class=17_{42}
ms0739 -1 2 2 2 2 1 -2 -2 -2 -2 -2 | 1 2 2 -1 2 1 -2 -2  # n=4 w=y^{2}x^{-1}y^{-1}xy^{-2} L=19 class=15_{11}
ms0740 -1 2 2 2 2 2 1 -2 -2 -2 -2 -2 -2 | 1 2 2 -1 2 1 -2 -2  # n=5 w=y^{2}x^{-1}y^{-1}xy^{-2} L=21 class=14_1
ms0741 -1 2 2 2 2 2 2 1 -2 -2 -2 -2 -2 -2 -2 | 1 2 2 -1 2 1 -2 -2  # n=6 w=y^{2}x^{-1}y^{-1}xy^{-2} L=23 class=17_{36}
ms0742 -1 2 2 2 2 2 2 2 1 -2 -2 -2 -2 -2 -2 -2 -2 | 1 2 2 -1 2 1 -2 -2  # n=7 w=y^{2}x^{-1}y^{-1}xy^{-2} L=25 class=15_{15}
ms0747 -1 2 2 2 2 2 1 -2 -2 -2 -2 -2 -2 | 1 2 -1 2 2 1 -2 -2  # n=5 w=y^{2}x^{-1}y^{-2}xy^{-1} L=21 class=17_{33}
ms0748 -1 2 2 2 2 2 2 1 -2 -2 -2 -2 -2 -2 -2 | 1 2 -1 2 2 1 -2 -2  # n=6 w=y^{2}x^{-1}y^{-2}xy^{-1} L=23 class=16_9
ms0749 -1 2 2 2 2 2 2 2 1 -2 -2 -2 -2 -2 -2 -2 -2 | 1 2 -1 2 2 1 -2 -2  # n=7 w=y^{2}x^{-1}y^{-2}xy^{-1} L=25 class=19_{48}
ms0765 -1 2 2 1 -2 -2 -2 | 1 1 -2 1 -2 -1 -1 -2  # n=2 w=yx^{2}yx^{-1}yx^{-1} L=15 class=15_3
ms0766 -1 2 2 2 1 -2 -2 -2 -2 | 1 1 -2 1 -2 -1 -1 -2  # n=3 w=yx^{2}yx^{-1}yx^{-1} L=17 class=17_3
ms0767 -1 2 2 2 2 1 -2 -2 -2 -2 -2 | 1 1 -2 1 -2 -1 -1 -2  # n=4 w=yx^{2}yx^{-1}yx^{-1} L=19 class=19_2
ms0768 -1 2 2 2 2 2 1 -2 -2 -2 -2 -2 -2 | 1 1 -2 1 -2 -1 -1 -2  # n=5 w=yx^{2}yx^{-1}yx^{-1} L=21 class=20_4
ms0769 -1 2 2 2 2 2 2 1 -2 -2 -2 -2 -2 -2 -2 | 1 1 -2 1 -2 -1 -1 -2  # n=6 w=yx^{2}yx^{-1}yx^{-1} L=23 class=21_{30}
ms0770 -1 2 2 2 2 2 2 2 1 -2 -2 -2 -2 -2 -2 -2 -2 | 1 1 -2 1 -2 -1 -1 -2  # n=7 w=yx^{2}yx^{-1}yx^{-1} L=25 class=25_2
ms0773 -1 2 2 2 1 -2 -2 -2 -2 | 1 2 2 2 1 2 -1 2  # n=3 w=y^{-1}xy^{-1}x^{-1}y^{-3} L=17 class=13_1
ms0774 -1 2 2 2 2 1 -2 -2 -2 -2 -2 | 1 2 2 2 1 2 -1 2  # n=4 w=y^{-1}xy^{-1}x^{-1}y^{-3} L=19 class=15_1
ms0775 -1 2 2 2 2 2 1 -2 -2 -2 -2 -2 -2 | 1 2 2 2 1 2 -1 2  # n=5 w=y^{-1}xy^{-1}x^{-1}y^{-3} L=21 class=16_1
ms0776 -1 2 2 2 2 2 2 1 -2 -2 -2 -2 -2 -2 -2 | 1 2 2 2 1 2 -1 2  # n=6 w=y^{-1}xy^{-1}x^{-1}y^{-3} L=23 class=17_1
ms0777 -1 2 2 2 2 2 2 2 1 -2 -2 -2 -2 -2 -2 -2 -2 | 1 2 2 2 1 2 -1 2  # n=7 w=y^{-1}xy^{-1}x^{-1}y^{-3} L=25 class=18_7
ms0780 -1 2 2 2 1 -2 -2 -2 -2 | 1 2 2 1 -2 -1 2 2  # n=3 w=y^{-2}xyx^{-1}y^{-2} L=17 class=13_1
ms0782 -1 2 2 2 2 2 1 -2 -2 -2 -2 -2 -2 | 1 2 2 1 -2 -1 2 2  # n=5 w=y^{-2}xyx^{-1}y^{-2} L=21 class=17_{32}
ms0783 -1 2 2 2 2 2 2 1 -2 -2 -2 -2 -2 -2 -2 | 1 2 2 1 -2 -1 2 2  # n=6 w=y^{-2}xyx^{-1}y^{-2} L=23 class=16_8
ms0784 -1 2 2 2 2 2 2 2 1 -2 -2 -2 -2 -2 -2 -2 -2 | 1 2 2 1 -2 -1 2 2  # n=7 w=y^{-2}xyx^{-1}y^{-2} L=25 class=21_{38}
ms0789 -1 2 2 2 2 2 1 -2 -2 -2 -2 -2 -2 | 1 2 2 1 2 -1 2 2  # n=5 w=y^{-2}xy^{-1}x^{-1}y^{-2} L=21 class=17_{33}
ms0790 -1 2 2 2 2 2 2 1 -2 -2 -2 -2 -2 -2 -2 | 1 2 2 1 2 -1 2 2  # n=6 w=y^{-2}xy^{-1}x^{-1}y^{-2} L=23 class=16_9
ms0791 -1 2 2 2 2 2 2 2 1 -2 -2 -2 -2 -2 -2 -2 -2 | 1 2 2 1 2 -1 2 2  # n=7 w=y^{-2}xy^{-1}x^{-1}y^{-2} L=25 class=23_{23}
ms0810 -1 2 2 2 2 2 1 -2 -2 -2 -2 -2 -2 | 1 2 2 -1 2 2 1 2  # n=5 w=y^{-1}x^{-1}y^{-2}xy^{-2} L=21 class=16_5
ms0811 -1 2 2 2 2 2 2 1 -2 -2 -2 -2 -2 -2 -2 | 1 2 2 -1 2 2 1 2  # n=6 w=y^{-1}x^{-1}y^{-2}xy^{-2} L=23 class=19_{36}
ms0812 -1 2 2 2 2 2 2 2 1 -2 -2 -2 -2 -2 -2 -2 -2 | 1 2 2 -1 2 2 1 2  # n=7 w=y^{-1}x^{-1}y^{-2}xy^{-2} L=25 class=20_{11}
ms0816 -1 2 2 2 2 1 -2 -2 -2 -2 -2 | 1 -2 -1 2 2 2 1 2  # n=4 w=y^{-1}x^{-1}y^{-3}xy L=19 class=15_1
ms0817 -1 2 2 2 2 2 1 -2 -2 -2 -2 -2 -2 | 1 -2 -1 2 2 2 1 2  # n=5 w=y^{-1}x^{-1}y^{-3}xy L=21 class=17_{30}
ms0819 -1 2 2 2 2 2 2 2 1 -2 -2 -2 -2 -2 -2 -2 -2 | 1 -2 -1 2 2 2 1 2  # n=7 w=y^{-1}x^{-1}y^{-3}xy L=25 class=18_{11}
ms0824 -1 2 2 2 2 2 1 -2 -2 -2 -2 -2 -2 | 1 2 -1 2 2 2 1 2  # n=5 w=y^{-1}x^{-1}y^{-3}xy^{-1} L=21 class=17_{31}
ms0826 -1 2 2 2 2 2 2 2 1 -2 -2 -2 -2 -2 -2 -2 -2 | 1 2 -1 2 2 2 1 2  # n=7 w=y^{-1}x^{-1}y^{-3}xy^{-1} L=25 class=19_{42}
ms0830 -1 2 2 2 2 1 -2 -2 -2 -2 -2 | 1 -2 -2 -2 -2 -1 2 1  # n=4 w=x^{-1}y^{-1}xy^{4} L=19 class=15_1
ms0831 -1 2 2 2 2 2 1 -2 -2 -2 -2 -2 -2 | 1 -2 -2 -2 -2 -1 2 1  # n=5 w=x^{-1}y^{-1}xy^{4} L=21 class=14_1
ms0832 -1 2 2 2 2 2 2 1 -2 -2 -2 -2 -2 -2 -2 | 1 -2 -2 -2 -2 -1 2 1  # n=6 w=x^{-1}y^{-1}xy^{4} L=23 class=17_{40}
ms0835 -1 2 2 1 -2 -2 -2 | 1 2 1 -2 -1 -1 2 1  # n=2 w=x^{-1}y^{-1}x^{2}yx^{-1}y^{-1} L=15 class=15_8
ms0836 -1 2 2 2 1 -2 -2 -2 -2 | 1 2 1 -2 -1 -1 2 1  # n=3 w=x^{-1}y^{-1}x^{2}yx^{-1}y^{-1} L=17 class=17_{26}
ms0837 -1 2 2 2 2 1 -2 -2 -2 -2 -2 | 1 2 1 -2 -1 -1 2 1  # n=4 w=x^{-1}y^{-1}x^{2}yx^{-1}y^{-1} L=19 class=19_{29}
ms0838 -1 2 2 2 2 2 1 -2 -2 -2 -2 -2 -2 | 1 2 1 -2 -1 -1 2 1  # n=5 w=x^{-1}y^{-1}x^{2}yx^{-1}y^{-1} L=21 class=21_{27}
ms0839 -1 2 2 2 2 2 2 1 -2 -2 -2 -2 -2 -2 -2 | 1 2 1 -2 -1 -1 2 1  # n=6 w=x^{-1}y^{-1}x^{2}yx^{-1}y^{-1} L=23 class=23_{20}
ms0840 -1 2 2 2 2 2 2 2 1 -2 -2 -2 -2 -2 -2 -2 -2 | 1 2 1 -2 -1 -1 2 1  # n=7 w=x^{-1}y^{-1}x^{2}yx^{-1}y^{-1} L=25 class=25_{29}
ms0842 -1 2 2 1 -2 -2 -2 | 1 2 1 2 -1 -1 2 1  # n=2 w=x^{-1}y^{-1}x^{2}y^{-1}x^{-1}y^{-1} L=15 class=15_9
ms0843 -1 2 2 2 1 -2 -2 -2 -2 | 1 2 1 2 -1 -1 2 1  # n=3 w=x^{-1}y^{-1}x^{2}y^{-1}x^{-1}y^{-1} L=17 class=17_{27}
ms0844 -1 2 2 2 2 1 -2 -2 -2 -2 -2 | 1 2 1 2 -1 -1 2 1  # n=4 w=x^{-1}y^{-1}x^{2}y^{-1}x^{-1}y^{-1} L=19 class=19_{30}
ms0845 -1 2 2 2 2 2 1 -2 -2 -2 -2 -2 -2 | 1 2 1 2 -1 -1 2 1  # n=5 w=x^{-1}y^{-1}x^{2}y^{-1}x^{-1}y^{-1} L=21 class=20_7
ms0846 -1 2 2 2 2 2 2 1 -2 -2 -2 -2 -2 -2 -2 | 1 2 1 2 -1 -1 2 1  # n=6 w=x^{-1}y^{-1}x^{2}y^{-1}x^{-1}y^{-1} L=23 class=21_{33}
ms0847 -1 2 2 2 2 2 2 2 1 -2 -2 -2 -2 -2 -2 -2 -2 | 1 2 1 2 -1 -1 2 1  # n=7 w=x^{-1}y^{-1}x^{2}y^{-1}x^{-1}y^{-1} L=25 class=25_{30}
ms0853 -1 2 2 2 2 2 2 1 -2 -2 -2 -2 -2 -2 -2 | 1 2 2 2 2 -1 2 1  # n=6 w=x^{-1}y^{-1}xy^{-4} L=23 class=17_{39}
ms0861 -1 2 2 2 2 2 2 2 1 -2 -2 -2 -2 -2 -2 -2 -2 | 1 -2 -2 -2 -1 2 2 1  # n=7 w=x^{-1}y^{-2}xy^{3} L=25 class=19_{49}
ms0864 -1 2 2 2 1 -2 -2 -2 -2 | 1 2 2 2 -1 2 2 1  # n=3 w=x^{-1}y^{-2}xy^{-3} L=17 class=13_1
ms0867 -1 2 2 2 2 2 2 1 -2 -2 -2 -2 -2 -2 -2 | 1 2 2 2 -1 2 2 1  # n=6 w=x^{-1}y^{-2}xy^{-3} L=23 class=18_5
ms0868 -1 2 2 2 2 2 2 2 1 -2 -2 -2 -2 -2 -2 -2 -2 | 1 2 2 2 -1 2 2 1  # n=7 w=x^{-1}y^{-2}xy^{-3} L=25 class=21_{41}
ms0872 -1 2 2 2 2 1 -2 -2 -2 -2 -2 | 1 -2 -2 -1 2 2 2 1  # n=4 w=x^{-1}y^{-3}xy^{2} L=19 class=15_{10}
ms0873 -1 2 2 2 2 2 1 -2 -2 -2 -2 -2 -2 | 1 -2 -2 -1 2 2 2 1  # n=5 w=x^{-1}y^{-3}xy^{2} L=21 class=16_4
ms0875 -1 2 2 2 2 2 2 2 1 -2 -2 -2 -2 -2 -2 -2 -2 | 1 -2 -2 -1 2 2 2 1  # n=7 w=x^{-1}y^{-3}xy^{2} L=25 class=19_{50}
ms0879 -1 2 2 2 2 1 -2 -2 -2 -2 -2 | 1 2 2 -1 2 2 2 1  # n=4 w=x^{-1}y^{-3}xy^{-2} L=19 class=14_1
ms0882 -1 2 2 2 2 2 2 2 1 -2 -2 -2 -2 -2 -2 -2 -2 | 1 2 2 -1 2 2 2 1  # n=7 w=x^{-1}y^{-3}xy^{-2} L=25 class=21_{42}
ms0887 -1 2 2 2 2 2 1 -2 -2 -2 -2 -2 -2 | 1 -2 -1 2 2 2 2 1  # n=5 w=x^{-1}y^{-4}xy L=21 class=16_1
ms0888 -1 2 2 2 2 2 2 1 -2 -2 -2 -2 -2 -2 -2 | 1 -2 -1 2 2 2 2 1  # n=6 w=x^{-1}y^{-4}xy L=23 class=16_6
ms0889 -1 2 2 2 2 2 2 2 1 -2 -2 -2 -2 -2 -2 -2 -2 | 1 -2 -1 2 2 2 2 1  # n=7 w=x^{-1}y^{-4}xy L=25 class=19_{51}
ms0892 -1 2 2 2 1 -2 -2 -2 -2 | 1 2 -1 2 2 2 2 1  # n=3 w=x^{-1}y^{-4}xy^{-1} L=17 class=13_1
ms0895 -1 2 2 2 2 2 2 1 -2 -2 -2 -2 -2 -2 -2 | 1 2 -1 2 2 2 2 1  # n=6 w=x^{-1}y^{-4}xy^{-1} L=23 class=16_7
ms0896 -1 2 2 2 2 2 2 2 1 -2 -2 -2 -2 -2 -2 -2 -2 | 1 2 -1 2 2 2 2 1  # n=7 w=x^{-1}y^{-4}xy^{-1} L=25 class=19_{52}
ms0898 -1 2 2 1 -2 -2 -2 | 1 -2 -1 -1 2 1 2 1  # n=2 w=x^{-1}y^{-1}x^{-1}y^{-1}x^{2}y L=15 class=14_1
ms0899 -1 2 2 2 1 -2 -2 -2 -2 | 1 -2 -1 -1 2 1 2 1  # n=3 w=x^{-1}y^{-1}x^{-1}y^{-1}x^{2}y L=17 class=17_{28}
ms0900 -1 2 2 2 2 1 -2 -2 -2 -2 -2 | 1 -2 -1 -1 2 1 2 1  # n=4 w=x^{-1}y^{-1}x^{-1}y^{-1}x^{2}y L=19 class=19_{31}
ms0901 -1 2 2 2 2 2 1 -2 -2 -2 -2 -2 -2 | 1 -2 -1 -1 2 1 2 1  # n=5 w=x^{-1}y^{-1}x^{-1}y^{-1}x^{2}y L=21 class=21_{28}
ms0902 -1 2 2 2 2 2 2 1 -2 -2 -2 -2 -2 -2 -2 | 1 -2 -1 -1 2 1 2 1  # n=6 w=x^{-1}y^{-1}x^{-1}y^{-1}x^{2}y L=23 class=22_{11}
ms0903 -1 2 2 2 2 2 2 2 1 -2 -2 -2 -2 -2 -2 -2 -2 | 1 -2 -1 -1 2 1 2 1  # n=7 w=x^{-1}y^{-1}x^{-1}y^{-1}x^{2}y L=25 class=25_{31}
ms0905 -1 2 2 1 -2 -2 -2 | 1 2 -1 -1 2 1 2 1  # n=2 w=x^{-1}y^{-1}x^{-1}y^{-1}x^{2}y^{-1} L=15 class=14_2
ms0906 -1 2 2 2 1 -2 -2 -2 -2 | 1 2 -1 -1 2 1 2 1  # n=3 w=x^{-1}y^{-1}x^{-1}y^{-1}x^{2}y^{-1} L=17 class=17_{29}
ms0907 -1 2 2 2 2 1 -2 -2 -2 -2 -2 | 1 2 -1 -1 2 1 2 1  # n=4 w=x^{-1}y^{-1}x^{-1}y^{-1}x^{2}y^{-1} L=19 class=19_{32}
ms0908 -1 2 2 2 2 2 1 -2 -2 -2 -2 -2 -2 | 1 2 -1 -1 2 1 2 1  # n=5 w=x^{-1}y^{-1}x^{-1}y^{-1}x^{2}y^{-1} L=21 class=21_{29}
ms0909 -1 2 2 2 2 2 2 1 -2 -2 -2 -2 -2 -2 -2 | 1 2 -1 -1 2 1 2 1  # n=6 w=x^{-1}y^{-1}x^{-1}y^{-1}x^{2}y^{-1} L=23 class=22_{12}
ms0910 -1 2 2 2 2 2 2 2 1 -2 -2 -2 -2 -2 -2 -2 -2 | 1 2 -1 -1 2 1 2 1  # n=7 w=x^{-1}y^{-1}x^{-1}y^{-1}x^{2}y^{-1} L=25 class=25_{32}
ms0912 -1 2 2 1 -2 -2 -2 | 1 -2 -1 -2 -1 2 1 1  # n=2 w=x^{-2}y^{-1}xyxy L=15 class=15_3
ms0913 -1 2 2 2 1 -2 -2 -2 -2 | 1 -2 -1 -2 -1 2 1 1  # n=3 w=x^{-2}y^{-1}xyxy L=17 class=17_{22}
ms0914 -1 2 2 2 2 1 -2 -2 -2 -2 -2 | 1 -2 -1 -2 -1 2 1 1  # n=4 w=x^{-2}y^{-1}xyxy L=19 class=19_{23}
ms0915 -1 2 2 2 2 2 1 -2 -2 -2 -2 -2 -2 | 1 -2 -1 -2 -1 2 1 1  # n=5 w=x^{-2}y^{-1}xyxy L=21 class=21_{21}
ms0916 -1 2 2 2 2 2 2 1 -2 -2 -2 -2 -2 -2 -2 | 1 -2 -1 -2 -1 2 1 1  # n=6 w=x^{-2}y^{-1}xyxy L=23 class=23_{14}
ms0917 -1 2 2 2 2 2 2 2 1 -2 -2 -2 -2 -2 -2 -2 -2 | 1 -2 -1 -2 -1 2 1 1  # n=7 w=x^{-2}y^{-1}xyxy L=25 class=25_{23}
ms0919 -1 2 2 1 -2 -2 -2 | 1 2 -1 -2 -1 2 1 1  # n=2 w=x^{-2}y^{-1}xyxy^{-1} L=15 class=15_5
ms0920 -1 2 2 2 1 -2 -2 -2 -2 | 1 2 -1 -2 -1 2 1 1  # n=3 w=x^{-2}y^{-1}xyxy^{-1} L=17 class=17_{23}
ms0921 -1 2 2 2 2 1 -2 -2 -2 -2 -2 | 1 2 -1 -2 -1 2 1 1  # n=4 w=x^{-2}y^{-1}xyxy^{-1} L=19 class=19_{24}
ms0922 -1 2 2 2 2 2 1 -2 -2 -2 -2 -2 -2 | 1 2 -1 -2 -1 2 1 1  # n=5 w=x^{-2}y^{-1}xyxy^{-1} L=21 class=21_{22}
ms0923 -1 2 2 2 2 2 2 1 -2 -2 -2 -2 -2 -2 -2 | 1 2 -1 -2 -1 2 1 1  # n=6 w=x^{-2}y^{-1}xyxy^{-1} L=23 class=23_{15}
ms0924 -1 2 2 2 2 2 2 2 1 -2 -2 -2 -2 -2 -2 -2 -2 | 1 2 -1 -2 -1 2 1 1  # n=7 w=x^{-2}y^{-1}xyxy^{-1} L=25 class=25_{24}
ms0926 -1 2 2 1 -2 -2 -2 | 1 -2 -2 -1 -1 2 1 1  # n=2 w=x^{-2}y^{-1}x^{2}y^{2} L=15 class=15_9
ms0927 -1 2 2 2 1 -2 -2 -2 -2 | 1 -2 -2 -1 -1 2 1 1  # n=3 w=x^{-2}y^{-1}x^{2}y^{2} L=17 class=17_{20}
ms0928 -1 2 2 2 2 1 -2 -2 -2 -2 -2 | 1 -2 -2 -1 -1 2 1 1  # n=4 w=x^{-2}y^{-1}x^{2}y^{2} L=19 class=19_{21}
ms0929 -1 2 2 2 2 2 1 -2 -2 -2 -2 -2 -2 | 1 -2 -2 -1 -1 2 1 1  # n=5 w=x^{-2}y^{-1}x^{2}y^{2} L=21 class=21_{19}
ms0930 -1 2 2 2 2 2 2 1 -2 -2 -2 -2 -2 -2 -2 | 1 -2 -2 -1 -1 2 1 1  # n=6 w=x^{-2}y^{-1}x^{2}y^{2} L=23 class=23_{12}
ms0931 -1 2 2 2 2 2 2 2 1 -2 -2 -2 -2 -2 -2 -2 -2 | 1 -2 -2 -1 -1 2 1 1  # n=7 w=x^{-2}y^{-1}x^{2}y^{2} L=25 class=25_{21}
ms0933 -1 2 2 1 -2 -2 -2 | 1 2 2 -1 -1 2 1 1  # n=2 w=x^{-2}y^{-1}x^{2}y^{-2} L=15 class=15_6
ms0934 -1 2 2 2 1 -2 -2 -2 -2 | 1 2 2 -1 -1 2 1 1  # n=3 w=x^{-2}y^{-1}x^{2}y^{-2} L=17 class=17_{21}
ms0935 -1 2 2 2 2 1 -2 -2 -2 -2 -2 | 1 2 2 -1 -1 2 1 1  # n=4 w=x^{-2}y^{-1}x^{2}y^{-2} L=19 class=19_{22}
ms0936 -1 2 2 2 2 2 1 -2 -2 -2 -2 -2 -2 | 1 2 2 -1 -1 2 1 1  # n=5 w=x^{-2}y^{-1}x^{2}y^{-2} L=21 class=21_{20}
ms0937 -1 2 2 2 2 2 2 1 -2 -2 -2 -2 -2 -2 -2 | 1 2 2 -1 -1 2 1 1  # n=6 w=x^{-2}y^{-1}x^{2}y^{-2} L=23 class=23_{13}
ms0938 -1 2 2 2 2 2 2 2 1 -2 -2 -2 -2 -2 -2 -2 -2 | 1 2 2 -1 -1 2 1 1  # n=7 w=x^{-2}y^{-1}x^{2}y^{-2} L=25 class=25_{22}
ms0940 -1 2 2 1 -2 -2 -2 | 1 -2 -1 2 -1 2 1 1  # n=2 w=x^{-2}y^{-1}xy^{-1}xy L=15 class=15_4
ms0941 -1 2 2 2 1 -2 -2 -2 -2 | 1 -2 -1 2 -1 2 1 1  # n=3 w=x^{-2}y^{-1}xy^{-1}xy L=17 class=17_{24}
ms0942 -1 2 2 2 2 1 -2 -2 -2 -2 -2 | 1 -2 -1 2 -1 2 1 1  # n=4 w=x^{-2}y^{-1}xy^{-1}xy L=19 class=19_{25}
ms0943 -1 2 2 2 2 2 1 -2 -2 -2 -2 -2 -2 | 1 -2 -1 2 -1 2 1 1  # n=5 w=x^{-2}y^{-1}xy^{-1}xy L=21 class=21_{23}
ms0944 -1 2 2 2 2 2 2 1 -2 -2 -2 -2 -2 -2 -2 | 1 -2 -1 2 -1 2 1 1  # n=6 w=x^{-2}y^{-1}xy^{-1}xy L=23 class=23_{16}
ms0945 -1 2 2 2 2 2 2 2 1 -2 -2 -2 -2 -2 -2 -2 -2 | 1 -2 -1 2 -1 2 1 1  # n=7 w=x^{-2}y^{-1}xy^{-1}xy L=25 class=25_{25}
ms0947 -1 2 2 1 -2 -2 -2 | 1 2 -1 2 -1 2 1 1  # n=2 w=x^{-2}y^{-1}xy^{-1}xy^{-1} L=15 class=15_2
ms0948 -1 2 2 2 1 -2 -2 -2 -2 | 1 2 -1 2 -1 2 1 1  # n=3 w=x^{-2}y^{-1}xy^{-1}xy^{-1} L=17 class=17_{25}
ms0949 -1 2 2 2 2 1 -2 -2 -2 -2 -2 | 1 2 -1 2 -1 2 1 1  # n=4 w=x^{-2}y^{-1}xy^{-1}xy^{-1} L=19 class=19_{26}
ms0950 -1 2 2 2 2 2 1 -2 -2 -2 -2 -2 -2 | 1 2 -1 2 -1 2 1 1  # n=5 w=x^{-2}y^{-1}xy^{-1}xy^{-1} L=21 class=21_{24}
ms0951 -1 2 2 2 2 2 2 1 -2 -2 -2 -2 -2 -2 -2 | 1 2 -1 2 -1 2 1 1  # n=6 w=x^{-2}y^{-1}xy^{-1}xy^{-1} L=23 class=23_{17}
ms0952 -1 2 2 2 2 2 2 2 1 -2 -2 -2 -2 -2 -2 -2 -2 | 1 2 -1 2 -1 2 1 1  # n=7 w=x^{-2}y^{-1}xy^{-1}xy^{-1} L=25 class=25_{26}
ms0955 -1 2 2 2 1 -2 -2 -2 -2 | 1 -2 -1 -1 2 2 1 1  # n=3 w=x^{-2}y^{-2}x^{2}y L=17 class=17_5
ms0956 -1 2 2 2 2 1 -2 -2 -2 -2 -2 | 1 -2 -1 -1 2 2 1 1  # n=4 w=x^{-2}y^{-2}x^{2}y L=19 class=19_{27}
ms0957 -1 2 2 2 2 2 1 -2 -2 -2 -2 -2 -2 | 1 -2 -1 -1 2 2 1 1  # n=5 w=x^{-2}y^{-2}x^{2}y L=21 class=21_{25}
ms0958 -1 2 2 2 2 2 2 1 -2 -2 -2 -2 -2 -2 -2 | 1 -2 -1 -1 2 2 1 1  # n=6 w=x^{-2}y^{-2}x^{2}y L=23 class=23_{18}
ms0959 -1 2 2 2 2 2 2 2 1 -2 -2 -2 -2 -2 -2 -2 -2 | 1 -2 -1 -1 2 2 1 1  # n=7 w=x^{-2}y^{-2}x^{2}y L=25 class=25_{27}
ms0963 -1 2 2 2 2 1 -2 -2 -2 -2 -2 | 1 2 2 1 2 2 -1 2  # n=4 w=y^{-1}xy^{-2}x^{-1}y^{-2} L=19 class=15_{11}
ms0964 -1 2 2 2 2 2 1 -2 -2 -2 -2 -2 -2 | 1 2 2 1 2 2 -1 2  # n=5 w=y^{-1}xy^{-2}x^{-1}y^{-2} L=21 class=14_1
ms0965 -1 2 2 2 2 2 2 1 -2 -2 -2 -2 -2 -2 -2 | 1 2 2 1 2 2 -1 2  # n=6 w=y^{-1}xy^{-2}x^{-1}y^{-2} L=23 class=17_{36}
ms0966 -1 2 2 2 2 2 2 2 1 -2 -2 -2 -2 -2 -2 -2 -2 | 1 2 2 1 2 2 -1 2  # n=7 w=y^{-1}xy^{-2}x^{-1}y^{-2} L=25 class=21_{37}
ms0968 -1 2 2 1 -2 -2 -2 | 1 1 1 -2 -2 -1 -1 -2  # n=2 w=yx^{2}y^{2}x^{-2} L=15 class=15_2
ms0969 -1 2 2 2 1 -2 -2 -2 -2 | 1 1 1 -2 -2 -1 -1 -2  # n=3 w=yx^{2}y^{2}x^{-2} L=17 class=17_2
ms0970 -1 2 2 2 2 1 -2 -2 -2 -2 -2 | 1 1 1 -2 -2 -1 -1 -2  # n=4 w=yx^{2}y^{2}x^{-2} L=19 class=19_1
ms0971 -1 2 2 2 2 2 1 -2 -2 -2 -2 -2 -2 | 1 1 1 -2 -2 -1 -1 -2  # n=5 w=yx^{2}y^{2}x^{-2} L=21 class=21_2
ms0972 -1 2 2 2 2 2 2 1 -2 -2 -2 -2 -2 -2 -2 | 1 1 1 -2 -2 -1 -1 -2  # n=6 w=yx^{2}y^{2}x^{-2} L=23 class=23_1
ms0973 -1 2 2 2 2 2 2 2 1 -2 -2 -2 -2 -2 -2 -2 -2 | 1 1 1 -2 -2 -1 -1 -2  # n=7 w=yx^{2}y^{2}x^{-2} L=25 class=25_1
ms0977 -1 2 2 2 2 1 -2 -2 -2 -2 -2 | 1 2 1 2 2 2 -1 2  # n=4 w=y^{-1}xy^{-3}x^{-1}y^{-1} L=19 class=14_1
ms0979 -1 2 2 2 2 2 2 1 -2 -2 -2 -2 -2 -2 -2 | 1 2 1 2 2 2 -1 2  # n=6 w=y^{-1}xy^{-3}x^{-1}y^{-1} L=23 class=17_{40}
ms0980 -1 2 2 2 2 2 2 2 1 -2 -2 -2 -2 -2 -2 -2 -2 | 1 2 1 2 2 2 -1 2  # n=7 w=y^{-1}xy^{-3}x^{-1}y^{-1} L=25 class=19_{41}
ms0984 -1 2 2 2 2 1 -2 -2 -2 -2 -2 | 1 2 2 1 -2 -2 -1 2  # n=4 w=y^{-1}xy^{2}x^{-1}y^{-2} L=19 class=14_1
ms0986 -1 2 2 2 2 2 2 1 -2 -2 -2 -2 -2 -2 -2 | 1 2 2 1 -2 -2 -1 2  # n=6 w=y^{-1}xy^{2}x^{-1}y^{-2} L=23 class=19_{34}
ms0987 -1 2 2 2 2 2 2 2 1 -2 -2 -2 -2 -2 -2 -2 -2 | 1 2 2 1 -2 -2 -1 2  # n=7 w=y^{-1}xy^{2}x^{-1}y^{-2} L=25 class=20_{12}
ms0989 -1 2 2 1 -2 -2 -2 | 1 1 2 1 -2 -1 -1 -2  # n=2 w=yx^{2}yx^{-1}y^{-1}x^{-1} L=15 class=15_4
ms0990 -1 2 2 2 1 -2 -2 -2 -2 | 1 1 2 1 -2 -1 -1 -2  # n=3 w=yx^{2}yx^{-1}y^{-1}x^{-1} L=17 class=17_6
ms0991 -1 2 2 2 2 1 -2 -2 -2 -2 -2 | 1 1 2 1 -2 -1 -1 -2  # n=4 w=yx^{2}yx^{-1}y^{-1}x^{-1} L=19 class=19_5
ms0992 -1 2 2 2 2 2 1 -2 -2 -2 -2 -2 -2 | 1 1 2 1 -2 -1 -1 -2  # n=5 w=yx^{2}yx^{-1}y^{-1}x^{-1} L=21 class=21_5
ms0993 -1 2 2 2 2 2 2 1 -2 -2 -2 -2 -2 -2 -2 | 1 1 2 1 -2 -1 -1 -2  # n=6 w=yx^{2}yx^{-1}y^{-1}x^{-1} L=23 class=23_2
ms0994 -1 2 2 2 2 2 2 2 1 -2 -2 -2 -2 -2 -2 -2 -2 | 1 1 2 1 -2 -1 -1 -2  # n=7 w=yx^{2}yx^{-1}y^{-1}x^{-1} L=25 class=25_5
ms0996 -1 2 2 1 -2 -2 -2 | 1 -2 1 1 -2 -1 -1 -2  # n=2 w=yx^{2}yx^{-2}y L=15 class=14_2
ms0997 -1 2 2 2 1 -2 -2 -2 -2 | 1 -2 1 1 -2 -1 -1 -2  # n=3 w=yx^{2}yx^{-2}y L=17 class=17_4
ms0998 -1 2 2 2 2 1 -2 -2 -2 -2 -2 | 1 -2 1 1 -2 -1 -1 -2  # n=4 w=yx^{2}yx^{-2}y L=19 class=19_3
ms0999 -1 2 2 2 2 2 1 -2 -2 -2 -2 -2 -2 | 1 -2 1 1 -2 -1 -1 -2  # n=5 w=yx^{2}yx^{-2}y L=21 class=21_3
ms1000 -1 2 2 2 2 2 2 1 -2 -2 -2 -2 -2 -2 -2 | 1 -2 1 1 -2 -1 -1 -2  # n=6 w=yx^{2}yx^{-2}y L=23 class=22_5
ms1001 -1 2 2 2 2 2 2 2 1 -2 -2 -2 -2 -2 -2 -2 -2 | 1 -2 1 1 -2 -1 -1 -2  # n=7 w=yx^{2}yx^{-2}y L=25 class=25_3
ms1003 -1 2 2 1 -2 -2 -2 | 1 2 1 1 -2 -1 -1 -2  # n=2 w=yx^{2}yx^{-2}y^{-1} L=15 class=14_2
ms1004 -1 2 2 2 1 -2 -2 -2 -2 | 1 2 1 1 -2 -1 -1 -2  # n=3 w=yx^{2}yx^{-2}y^{-1} L=17 class=17_5
ms1005 -1 2 2 2 2 1 -2 -2 -2 -2 -2 | 1 2 1 1 -2 -1 -1 -2  # n=4 w=yx^{2}yx^{-2}y^{-1} L=19 class=19_4
ms1006 -1 2 2 2 2 2 1 -2 -2 -2 -2 -2 -2 | 1 2 1 1 -2 -1 -1 -2  # n=5 w=yx^{2}yx^{-2}y^{-1} L=21 class=21_4
ms1007 -1 2 2 2 2 2 2 1 -2 -2 -2 -2 -2 -2 -2 | 1 2 1 1 -2 -1 -1 -2  # n=6 w=yx^{2}yx^{-2}y^{-1} L=23 class=22_6
ms1008 -1 2 2 2 2 2 2 2 1 -2 -2 -2 -2 -2 -2 -2 -2 | 1 2 1 1 -2 -1 -1 -2  # n=7 w=yx^{2}yx^{-2}y^{-1} L=25 class=25_4
ms1010 -1 2 2 1 -2 -2 -2 | 1 1 1 2 2 -1 -1 -2  # n=2 w=yx^{2}y^{-2}x^{-2} L=15 class=15_3
ms1011 -1 2 2 2 1 -2 -2 -2 -2 | 1 1 1 2 2 -1 -1 -2  # n=3 w=yx^{2}y^{-2}x^{-2} L=17 class=17_{11}
ms1012 -1 2 2 2 2 1 -2 -2 -2 -2 -2 | 1 1 1 2 2 -1 -1 -2  # n=4 w=yx^{2}y^{-2}x^{-2} L=19 class=19_{10}
ms1013 -1 2 2 2 2 2 1 -2 -2 -2 -2 -2 -2 | 1 1 1 2 2 -1 -1 -2  # n=5 w=yx^{2}y^{-2}x^{-2} L=21 class=21_9
ms1014 -1 2 2 2 2 2 2 1 -2 -2 -2 -2 -2 -2 -2 | 1 1 1 2 2 -1 -1 -2  # n=6 w=yx^{2}y^{-2}x^{-2} L=23 class=23_4
ms1015 -1 2 2 2 2 2 2 2 1 -2 -2 -2 -2 -2 -2 -2 -2 | 1 1 1 2 2 -1 -1 -2  # n=7 w=yx^{2}y^{-2}x^{-2} L=25 class=25_{10}
ms1017 -1 2 2 1 -2 -2 -2 | 1 1 -2 1 2 -1 -1 -2  # n=2 w=yx^{2}y^{-1}x^{-1}yx^{-1} L=15 class=15_5
ms1018 -1 2 2 2 1 -2 -2 -2 -2 | 1 1 -2 1 2 -1 -1 -2  # n=3 w=yx^{2}y^{-1}x^{-1}yx^{-1} L=17 class=17_7
ms1019 -1 2 2 2 2 1 -2 -2 -2 -2 -2 | 1 1 -2 1 2 -1 -1 -2  # n=4 w=yx^{2}y^{-1}x^{-1}yx^{-1} L=19 class=19_6
ms1020 -1 2 2 2 2 2 1 -2 -2 -2 -2 -2 -2 | 1 1 -2 1 2 -1 -1 -2  # n=5 w=yx^{2}y^{-1}x^{-1}yx^{-1} L=21 class=21_6
ms1021 -1 2 2 2 2 2 2 1 -2 -2 -2 -2 -2 -2 -2 | 1 1 -2 1 2 -1 -1 -2  # n=6 w=yx^{2}y^{-1}x^{-1}yx^{-1} L=23 class=23_3
ms1022 -1 2 2 2 2 2 2 2 1 -2 -2 -2 -2 -2 -2 -2 -2 | 1 1 -2 1 2 -1 -1 -2  # n=7 w=yx^{2}y^{-1}x^{-1}yx^{-1} L=25 class=25_6
ms1024 -1 2 2 1 -2 -2 -2 | 1 1 2 1 2 -1 -1 -2  # n=2 w=yx^{2}y^{-1}x^{-1}y^{-1}x^{-1} L=15 class=15_2
ms1025 -1 2 2 2 1 -2 -2 -2 -2 | 1 1 2 1 2 -1 -1 -2  # n=3 w=yx^{2}y^{-1}x^{-1}y^{-1}x^{-1} L=17 class=17_{10}
ms1026 -1 2 2 2 2 1 -2 -2 -2 -2 -2 | 1 1 2 1 2 -1 -1 -2  # n=4 w=yx^{2}y^{-1}x^{-1}y^{-1}x^{-1} L=19 class=19_9
ms1027 -1 2 2 2 2 2 1 -2 -2 -2 -2 -2 -2 | 1 1 2 1 2 -1 -1 -2  # n=5 w=yx^{2}y^{-1}x^{-1}y^{-1}x^{-1} L=21 class=20_5
ms1028 -1 2 2 2 2 2 2 1 -2 -2 -2 -2 -2 -2 -2 | 1 1 2 1 2 -1 -1 -2  # n=6 w=yx^{2}y^{-1}x^{-1}y^{-1}x^{-1} L=23 class=21_{31}
ms1029 -1 2 2 2 2 2 2 2 1 -2 -2 -2 -2 -2 -2 -2 -2 | 1 1 2 1 2 -1 -1 -2  # n=7 w=yx^{2}y^{-1}x^{-1}y^{-1}x^{-1} L=25 class=25_9
ms1031 -1 2 2 1 -2 -2 -2 | 1 -2 1 1 2 -1 -1 -2  # n=2 w=yx^{2}y^{-1}x^{-2}y L=15 class=14_1
ms1032 -1 2 2 2 1 -2 -2 -2 -2 | 1 -2 1 1 2 -1 -1 -2  # n=3 w=yx^{2}y^{-1}x^{-2}y L=17 class=17_8
ms1033 -1 2 2 2 2 1 -2 -2 -2 -2 -2 | 1 -2 1 1 2 -1 -1 -2  # n=4 w=yx^{2}y^{-1}x^{-2}y L=19 class=19_7
ms1034 -1 2 2 2 2 2 1 -2 -2 -2 -2 -2 -2 | 1 -2 1 1 2 -1 -1 -2  # n=5 w=yx^{2}y^{-1}x^{-2}y L=21 class=21_7
ms1035 -1 2 2 2 2 2 2 1 -2 -2 -2 -2 -2 -2 -2 | 1 -2 1 1 2 -1 -1 -2  # n=6 w=yx^{2}y^{-1}x^{-2}y L=23 class=22_7
ms1036 -1 2 2 2 2 2 2 2 1 -2 -2 -2 -2 -2 -2 -2 -2 | 1 -2 1 1 2 -1 -1 -2  # n=7 w=yx^{2}y^{-1}x^{-2}y L=25 class=25_7
ms1038 -1 2 2 1 -2 -2 -2 | 1 2 1 1 2 -1 -1 -2  # n=2 w=yx^{2}y^{-1}x^{-2}y^{-1} L=15 class=14_1
ms1039 -1 2 2 2 1 -2 -2 -2 -2 | 1 2 1 1 2 -1 -1 -2  # n=3 w=yx^{2}y^{-1}x^{-2}y^{-1} L=17 class=17_9
ms1040 -1 2 2 2 2 1 -2 -2 -2 -2 -2 | 1 2 1 1 2 -1 -1 -2  # n=4 w=yx^{2}y^{-1}x^{-2}y^{-1} L=19 class=19_8
ms1041 -1 2 2 2 2 2 1 -2 -2 -2 -2 -2 -2 | 1 2 1 1 2 -1 -1 -2  # n=5 w=yx^{2}y^{-1}x^{-2}y^{-1} L=21 class=21_8
ms1042 -1 2 2 2 2 2 2 1 -2 -2 -2 -2 -2 -2 -2 | 1 2 1 1 2 -1 -1 -2  # n=6 w=yx^{2}y^{-1}x^{-2}y^{-1} L=23 class=22_8
ms1043 -1 2 2 2 2 2 2 2 1 -2 -2 -2 -2 -2 -2 -2 -2 | 1 2 1 1 2 -1 -1 -2  # n=7 w=yx^{2}y^{-1}x^{-2}y^{-1} L=25 class=25_8
ms1045 -1 2 2 1 -2 -2 -2 | 1 1 1 -2 -1 2 -1 -2  # n=2 w=yxy^{-1}xyx^{-2} L=15 class=15_8
ms1046 -1 2 2 2 1 -2 -2 -2 -2 | 1 1 1 -2 -1 2 -1 -2  # n=3 w=yxy^{-1}xyx^{-2} L=17 class=17_{14}
ms1047 -1 2 2 2 2 1 -2 -2 -2 -2 -2 | 1 1 1 -2 -1 2 -1 -2  # n=4 w=yxy^{-1}xyx^{-2} L=19 class=19_{13}
ms1048 -1 2 2 2 2 2 1 -2 -2 -2 -2 -2 -2 | 1 1 1 -2 -1 2 -1 -2  # n=5 w=yxy^{-1}xyx^{-2} L=21 class=21_{12}
ms1049 -1 2 2 2 2 2 2 1 -2 -2 -2 -2 -2 -2 -2 | 1 1 1 -2 -1 2 -1 -2  # n=6 w=yxy^{-1}xyx^{-2} L=23 class=23_7
ms1050 -1 2 2 2 2 2 2 2 1 -2 -2 -2 -2 -2 -2 -2 -2 | 1 1 1 -2 -1 2 -1 -2  # n=7 w=yxy^{-1}xyx^{-2} L=25 class=25_{13}
ms1052 -1 2 2 1 -2 -2 -2 | 1 1 1 2 -1 2 -1 -2  # n=2 w=yxy^{-1}xy^{-1}x^{-2} L=15 class=15_9
ms1053 -1 2 2 2 1 -2 -2 -2 -2 | 1 1 1 2 -1 2 -1 -2  # n=3 w=yxy^{-1}xy^{-1}x^{-2} L=17 class=17_{15}
ms1054 -1 2 2 2 2 1 -2 -2 -2 -2 -2 | 1 1 1 2 -1 2 -1 -2  # n=4 w=yxy^{-1}xy^{-1}x^{-2} L=19 class=19_{14}
ms1055 -1 2 2 2 2 2 1 -2 -2 -2 -2 -2 -2 | 1 1 1 2 -1 2 -1 -2  # n=5 w=yxy^{-1}xy^{-1}x^{-2} L=21 class=21_{13}
ms1056 -1 2 2 2 2 2 2 1 -2 -2 -2 -2 -2 -2 -2 | 1 1 1 2 -1 2 -1 -2  # n=6 w=yxy^{-1}xy^{-1}x^{-2} L=23 class=23_8
ms1057 -1 2 2 2 2 2 2 2 1 -2 -2 -2 -2 -2 -2 -2 -2 | 1 1 1 2 -1 2 -1 -2  # n=7 w=yxy^{-1}xy^{-1}x^{-2} L=25 class=25_{14}
ms1061 -1 2 2 2 2 1 -2 -2 -2 -2 -2 | 1 1 2 2 2 2 -1 -2  # n=4 w=yxy^{-4}x^{-1} L=19 class=15_1
ms1062 -1 2 2 2 2 2 1 -2 -2 -2 -2 -2 -2 | 1 1 2 2 2 2 -1 -2  # n=5 w=yxy^{-4}x^{-1} L=21 class=14_1
ms1063 -1 2 2 2 2 2 2 1 -2 -2 -2 -2 -2 -2 -2 | 1 1 2 2 2 2 -1 -2  # n=6 w=yxy^{-4}x^{-1} L=23 class=17_{37}
ms1067 -1 2 2 2 1 -2 -2 -2 -2 | 1 -2 1 2 2 2 -1 -2  # n=3 w=yxy^{-3}x^{-1}y L=17 class=13_1
ms1068 -1 2 2 2 2 1 -2 -2 -2 -2 -2 | 1 -2 1 2 2 2 -1 -2  # n=4 w=yxy^{-3}x^{-1}y L=19 class=15_{10}
ms1070 -1 2 2 2 2 2 2 1 -2 -2 -2 -2 -2 -2 -2 | 1 -2 1 2 2 2 -1 -2  # n=6 w=yxy^{-3}x^{-1}y L=23 class=17_{38}
ms1071 -1 2 2 2 2 2 2 2 1 -2 -2 -2 -2 -2 -2 -2 -2 | 1 -2 1 2 2 2 -1 -2  # n=7 w=yxy^{-3}x^{-1}y L=25 class=18_8
ms1074 -1 2 2 2 1 -2 -2 -2 -2 | 1 2 1 2 2 2 -1 -2  # n=3 w=yxy^{-3}x^{-1}y^{-1} L=17 class=13_1
ms1075 -1 2 2 2 2 1 -2 -2 -2 -2 -2 | 1 2 1 2 2 2 -1 -2  # n=4 w=yxy^{-3}x^{-1}y^{-1} L=19 class=15_{10}
ms1077 -1 2 2 2 2 2 2 1 -2 -2 -2 -2 -2 -2 -2 | 1 2 1 2 2 2 -1 -2  # n=6 w=yxy^{-3}x^{-1}y^{-1} L=23 class=17_{38}
ms1078 -1 2 2 2 2 2 2 2 1 -2 -2 -2 -2 -2 -2 -2 -2 | 1 2 1 2 2 2 -1 -2  # n=7 w=yxy^{-3}x^{-1}y^{-1} L=25 class=18_8
ms1082 -1 2 2 2 2 1 -2 -2 -2 -2 -2 | 1 -2 -2 1 2 2 -1 -2  # n=4 w=yxy^{-2}x^{-1}y^{2} L=19 class=14_1
ms1084 -1 2 2 2 2 2 2 1 -2 -2 -2 -2 -2 -2 -2 | 1 -2 -2 1 2 2 -1 -2  # n=6 w=yxy^{-2}x^{-1}y^{2} L=23 class=19_{33}
ms1085 -1 2 2 2 2 2 2 2 1 -2 -2 -2 -2 -2 -2 -2 -2 | 1 -2 -2 1 2 2 -1 -2  # n=7 w=yxy^{-2}x^{-1}y^{2} L=25 class=19_{37}
ms1089 -1 2 2 2 2 1 -2 -2 -2 -2 -2 | 1 2 2 1 2 2 -1 -2  # n=4 w=yxy^{-2}x^{-1}y^{-2} L=19 class=14_1
ms1091 -1 2 2 2 2 2 2 1 -2 -2 -2 -2 -2 -2 -2 | 1 2 2 1 2 2 -1 -2  # n=6 w=yxy^{-2}x^{-1}y^{-2} L=23 class=19_{33}
ms1092 -1 2 2 2 2 2 2 2 1 -2 -2 -2 -2 -2 -2 -2 -2 | 1 2 2 1 2 2 -1 -2  # n=7 w=yxy^{-2}x^{-1}y^{-2} L=25 class=17_{41}
ms1102 -1 2 2 2 1 -2 -2 -2 -2 | 1 -2 -2 -2 -1 2 1 -2  # n=3 w=yx^{-1}y^{-1}xy^{3} L=17 class=13_1
ms1103 -1 2 2 2 2 1 -2 -2 -2 -2 -2 | 1 -2 -2 -2 -1 2 1 -2  # n=4 w=yx^{-1}y^{-1}xy^{3} L=19 class=15_{11}
ms1105 -1 2 2 2 2 2 2 1 -2 -2 -2 -2 -2 -2 -2 | 1 -2 -2 -2 -1 2 1 -2  # n=6 w=yx^{-1}y^{-1}xy^{3} L=23 class=17_{39}
ms1106 -1 2 2 2 2 2 2 2 1 -2 -2 -2 -2 -2 -2 -2 -2 | 1 -2 -2 -2 -1 2 1 -2  # n=7 w=yx^{-1}y^{-1}xy^{3} L=25 class=18_{10}
ms1108 -1 2 2 1 -2 -2 -2 | 1 1 -2 -1 -1 2 1 -2  # n=2 w=yx^{-1}y^{-1}x^{2}yx^{-1} L=15 class=14_1
ms1109 -1 2 2 2 1 -2 -2 -2 -2 | 1 1 -2 -1 -1 2 1 -2  # n=3 w=yx^{-1}y^{-1}x^{2}yx^{-1} L=17 class=17_{16}
ms1110 -1 2 2 2 2 1 -2 -2 -2 -2 -2 | 1 1 -2 -1 -1 2 1 -2  # n=4 w=yx^{-1}y^{-1}x^{2}yx^{-1} L=19 class=19_{19}
ms1111 -1 2 2 2 2 2 1 -2 -2 -2 -2 -2 -2 | 1 1 -2 -1 -1 2 1 -2  # n=5 w=yx^{-1}y^{-1}x^{2}yx^{-1} L=21 class=21_{17}
ms1112 -1 2 2 2 2 2 2 1 -2 -2 -2 -2 -2 -2 -2 | 1 1 -2 -1 -1 2 1 -2  # n=6 w=yx^{-1}y^{-1}x^{2}yx^{-1} L=23 class=22_9
ms1113 -1 2 2 2 2 2 2 2 1 -2 -2 -2 -2 -2 -2 -2 -2 | 1 1 -2 -1 -1 2 1 -2  # n=7 w=yx^{-1}y^{-1}x^{2}yx^{-1} L=25 class=25_{19}
ms1115 -1 2 2 1 -2 -2 -2 | 1 1 2 -1 -1 2 1 -2  # n=2 w=yx^{-1}y^{-1}x^{2}y^{-1}x^{-1} L=15 class=14_2
ms1116 -1 2 2 2 1 -2 -2 -2 -2 | 1 1 2 -1 -1 2 1 -2  # n=3 w=yx^{-1}y^{-1}x^{2}y^{-1}x^{-1} L=17 class=17_{17}
ms1117 -1 2 2 2 2 1 -2 -2 -2 -2 -2 | 1 1 2 -1 -1 2 1 -2  # n=4 w=yx^{-1}y^{-1}x^{2}y^{-1}x^{-1} L=19 class=19_{20}
ms1118 -1 2 2 2 2 2 1 -2 -2 -2 -2 -2 -2 | 1 1 2 -1 -1 2 1 -2  # n=5 w=yx^{-1}y^{-1}x^{2}y^{-1}x^{-1} L=21 class=21_{18}
ms1119 -1 2 2 2 2 2 2 1 -2 -2 -2 -2 -2 -2 -2 | 1 1 2 -1 -1 2 1 -2  # n=6 w=yx^{-1}y^{-1}x^{2}y^{-1}x^{-1} L=23 class=22_{10}
ms1120 -1 2 2 2 2 2 2 2 1 -2 -2 -2 -2 -2 -2 -2 -2 | 1 1 2 -1 -1 2 1 -2  # n=7 w=yx^{-1}y^{-1}x^{2}y^{-1}x^{-1} L=25 class=25_{20}
ms1124 -1 2 2 2 2 1 -2 -2 -2 -2 -2 | 1 2 2 2 -1 2 1 -2  # n=4 w=yx^{-1}y^{-1}xy^{-3} L=19 class=14_1
ms1126 -1 2 2 2 2 2 2 1 -2 -2 -2 -2 -2 -2 -2 | 1 2 2 2 -1 2 1 -2  # n=6 w=yx^{-1}y^{-1}xy^{-3} L=23 class=17_{40}
ms1127 -1 2 2 2 2 2 2 2 1 -2 -2 -2 -2 -2 -2 -2 -2 | 1 2 2 2 -1 2 1 -2  # n=7 w=yx^{-1}y^{-1}xy^{-3} L=25 class=19_{41}
ms1139 -1 2 2 2 2 2 1 -2 -2 -2 -2 -2 -2 | 1 2 2 -1 2 2 1 -2  # n=5 w=yx^{-1}y^{-2}xy^{-2} L=21 class=16_5
ms1140 -1 2 2 2 2 2 2 1 -2 -2 -2 -2 -2 -2 -2 | 1 2 2 -1 2 2 1 -2  # n=6 w=yx^{-1}y^{-2}xy^{-2} L=23 class=19_{36}
ms1141 -1 2 2 2 2 2 2 2 1 -2 -2 -2 -2 -2 -2 -2 -2 | 1 2 2 -1 2 2 1 -2  # n=7 w=yx^{-1}y^{-2}xy^{-2} L=25 class=20_{11}
ms1145 -1 2 2 2 2 1 -2 -2 -2 -2 -2 | 1 -2 -1 2 2 2 1 -2  # n=4 w=yx^{-1}y^{-3}xy L=19 class=15_1
ms1146 -1 2 2 2 2 2 1 -2 -2 -2 -2 -2 -2 | 1 -2 -1 2 2 2 1 -2  # n=5 w=yx^{-1}y^{-3}xy L=21 class=17_{30}
ms1148 -1 2 2 2 2 2 2 2 1 -2 -2 -2 -2 -2 -2 -2 -2 | 1 -2 -1 2 2 2 1 -2  # n=7 w=yx^{-1}y^{-3}xy L=25 class=18_{11}
ms1153 -1 2 2 2 2 2 1 -2 -2 -2 -2 -2 -2 | 1 2 -1 2 2 2 1 -2  # n=5 w=yx^{-1}y^{-3}xy^{-1} L=21 class=17_{31}
ms1155 -1 2 2 2 2 2 2 2 1 -2 -2 -2 -2 -2 -2 -2 -2 | 1 2 -1 2 2 2 1 -2  # n=7 w=yx^{-1}y^{-3}xy^{-1} L=25 class=19_{42}
ms1157 -1 2 2 1 -2 -2 -2 | 1 -2 -1 -1 2 1 1 -2  # n=2 w=yx^{-2}y^{-1}x^{2}y L=15 class=15_6
ms1158 -1 2 2 2 1 -2 -2 -2 -2 | 1 -2 -1 -1 2 1 1 -2  # n=3 w=yx^{-2}y^{-1}x^{2}y L=17 class=17_{18}
ms1159 -1 2 2 2 2 1 -2 -2 -2 -2 -2 | 1 -2 -1 -1 2 1 1 -2  # n=4 w=yx^{-2}y^{-1}x^{2}y L=19 class=19_{17}
ms1160 -1 2 2 2 2 2 1 -2 -2 -2 -2 -2 -2 | 1 -2 -1 -1 2 1 1 -2  # n=5 w=yx^{-2}y^{-1}x^{2}y L=21 class=20_6
ms1161 -1 2 2 2 2 2 2 1 -2 -2 -2 -2 -2 -2 -2 | 1 -2 -1 -1 2 1 1 -2  # n=6 w=yx^{-2}y^{-1}x^{2}y L=23 class=21_{32}
ms1162 -1 2 2 2 2 2 2 2 1 -2 -2 -2 -2 -2 -2 -2 -2 | 1 -2 -1 -1 2 1 1 -2  # n=7 w=yx^{-2}y^{-1}x^{2}y L=25 class=25_{17}
ms1164 -1 2 2 1 -2 -2 -2 | 1 2 -1 -1 2 1 1 -2  # n=2 w=yx^{-2}y^{-1}x^{2}y^{-1} L=15 class=15_7
ms1165 -1 2 2 2 1 -2 -2 -2 -2 | 1 2 -1 -1 2 1 1 -2  # n=3 w=yx^{-2}y^{-1}x^{2}y^{-1} L=17 class=17_{19}
ms1166 -1 2 2 2 2 1 -2 -2 -2 -2 -2 | 1 2 -1 -1 2 1 1 -2  # n=4 w=yx^{-2}y^{-1}x^{2}y^{-1} L=19 class=19_{18}
ms1167 -1 2 2 2 2 2 1 -2 -2 -2 -2 -2 -2 | 1 2 -1 -1 2 1 1 -2  # n=5 w=yx^{-2}y^{-1}x^{2}y^{-1} L=21 class=21_{16}
ms1168 -1 2 2 2 2 2 2 1 -2 -2 -2 -2 -2 -2 -2 | 1 2 -1 -1 2 1 1 -2  # n=6 w=yx^{-2}y^{-1}x^{2}y^{-1} L=23 class=23_{11}
ms1169 -1 2 2 2 2 2 2 2 1 -2 -2 -2 -2 -2 -2 -2 -2 | 1 2 -1 -1 2 1 1 -2  # n=7 w=yx^{-2}y^{-1}x^{2}y^{-1} L=25 class=25_{18}
ms1172 -1 2 2 2 1 -2 -2 -2 -2 | 1 2 1 -2 -2 -2 -1 2  # n=3 w=y^{-1}xy^{3}x^{-1}y^{-1} L=17 class=13_1
ms1173 -1 2 2 2 2 1 -2 -2 -2 -2 -2 | 1 2 1 -2 -2 -2 -1 2  # n=4 w=y^{-1}xy^{3}x^{-1}y^{-1} L=19 class=15_{11}
ms1175 -1 2 2 2 2 2 2 1 -2 -2 -2 -2 -2 -2 -2 | 1 2 1 -2 -2 -2 -1 2  # n=6 w=y^{-1}xy^{3}x^{-1}y^{-1} L=23 class=17_{39}
ms1176 -1 2 2 2 2 2 2 2 1 -2 -2 -2 -2 -2 -2 -2 -2 | 1 2 1 -2 -2 -2 -1 2  # n=7 w=y^{-1}xy^{3}x^{-1}y^{-1} L=25 class=18_{10}
