ms0054 -1 2 2 2 2 2 1 -2 -2 -2 -2 -2 -2 | 1 -2 -1 2 1  # n=5 w=x^{-1}y^{-1}xy L=18 class=
ms0055 -1 2 2 2 2 2 2 1 -2 -2 -2 -2 -2 -2 -2 | 1 -2 -1 2 1  # n=6 w=x^{-1}y^{-1}xy L=20 class=
ms0056 -1 2 2 2 2 2 2 2 1 -2 -2 -2 -2 -2 -2 -2 -2 | 1 -2 -1 2 1  # n=7 w=x^{-1}y^{-1}xy L=22 class=
ms0058 -1 2 2 1 -2 -2 -2 | 1 2 -1 2 1  # n=2 w=x^{-1}y^{-1}xy^{-1} L=12 class=
ms0065 -1 2 2 1 -2 -2 -2 | 1 1 -2 -1 -2  # n=2 w=yxyx^{-1} L=12 class=
ms0082 -1 2 2 2 2 2 1 -2 -2 -2 -2 -2 -2 | 1 1 2 -1 -2  # n=5 w=yxy^{-1}x^{-1} L=18 class=
ms0083 -1 2 2 2 2 2 2 1 -2 -2 -2 -2 -2 -2 -2 | 1 1 2 -1 -2  # n=6 w=yxy^{-1}x^{-1} L=20 class=
ms0084 -1 2 2 2 2 2 2 2 1 -2 -2 -2 -2 -2 -2 -2 -2 | 1 1 2 -1 -2  # n=7 w=yxy^{-1}x^{-1} L=22 class=
ms0089 -1 2 2 2 2 2 1 -2 -2 -2 -2 -2 -2 | 1 -2 -2 -1 2 1  # n=5 w=x^{-1}y^{-1}xy^{2} L=19 class=
ms0095 -1 2 2 2 2 1 -2 -2 -2 -2 -2 | 1 -2 -1 2 1 -2  # n=4 w=yx^{-1}y^{-1}xy L=17 class=
ms0096 -1 2 2 2 2 2 1 -2 -2 -2 -2 -2 -2 | 1 -2 -1 2 1 -2  # n=5 w=yx^{-1}y^{-1}xy L=19 class=
ms0097 -1 2 2 2 2 2 2 1 -2 -2 -2 -2 -2 -2 -2 | 1 -2 -1 2 1 -2  # n=6 w=yx^{-1}y^{-1}xy L=21 class=
ms0098 -1 2 2 2 2 2 2 2 1 -2 -2 -2 -2 -2 -2 -2 -2 | 1 -2 -1 2 1 -2  # n=7 w=yx^{-1}y^{-1}xy L=23 class=
ms0107 -1 2 2 1 -2 -2 -2 | 1 -2 1 -2 -1 -2  # n=2 w=yxyx^{-1}y L=13 class=
ms0115 -1 2 2 2 1 -2 -2 -2 -2 | 1 2 2 -1 2 1  # n=3 w=x^{-1}y^{-1}xy^{-2} L=15 class=
ms0122 -1 2 2 2 1 -2 -2 -2 -2 | 1 -2 1 2 -1 -2  # n=3 w=yxy^{-1}x^{-1}y L=15 class=
ms0123 -1 2 2 2 2 1 -2 -2 -2 -2 -2 | 1 -2 1 2 -1 -2  # n=4 w=yxy^{-1}x^{-1}y L=17 class=
ms0124 -1 2 2 2 2 2 1 -2 -2 -2 -2 -2 -2 | 1 -2 1 2 -1 -2  # n=5 w=yxy^{-1}x^{-1}y L=19 class=
ms0125 -1 2 2 2 2 2 2 1 -2 -2 -2 -2 -2 -2 -2 | 1 -2 1 2 -1 -2  # n=6 w=yxy^{-1}x^{-1}y L=21 class=
ms0126 -1 2 2 2 2 2 2 2 1 -2 -2 -2 -2 -2 -2 -2 -2 | 1 -2 1 2 -1 -2  # n=7 w=yxy^{-1}x^{-1}y L=23 class=
ms0128 -1 2 2 1 -2 -2 -2 | 1 2 1 2 -1 2  # n=2 w=y^{-1}xy^{-1}x^{-1}y^{-1} L=13 class=
ms0138 -1 2 2 2 2 2 1 -2 -2 -2 -2 -2 -2 | 1 1 2 2 -1 -2  # n=5 w=yxy^{-2}x^{-1} L=19 class=
ms0143 -1 2 2 2 1 -2 -2 -2 -2 | 1 2 1 -2 -1 2  # n=3 w=y^{-1}xyx^{-1}y^{-1} L=15 class=
ms0144 -1 2 2 2 2 1 -2 -2 -2 -2 -2 | 1 2 1 -2 -1 2  # n=4 w=y^{-1}xyx^{-1}y^{-1} L=17 class=
ms0145 -1 2 2 2 2 2 1 -2 -2 -2 -2 -2 -2 | 1 2 1 -2 -1 2  # n=5 w=y^{-1}xyx^{-1}y^{-1} L=19 class=
ms0146 -1 2 2 2 2 2 2 1 -2 -2 -2 -2 -2 -2 -2 | 1 2 1 -2 -1 2  # n=6 w=y^{-1}xyx^{-1}y^{-1} L=21 class=
ms0147 -1 2 2 2 2 2 2 2 1 -2 -2 -2 -2 -2 -2 -2 -2 | 1 2 1 -2 -1 2  # n=7 w=y^{-1}xyx^{-1}y^{-1} L=23 class=
ms0150 -1 2 2 2 1 -2 -2 -2 -2 | 1 1 -2 -1 -2 -2  # n=3 w=y^{2}xyx^{-1} L=15 class=
ms0151 -1 2 2 2 2 1 -2 -2 -2 -2 -2 | 1 1 -2 -1 -2 -2  # n=4 w=y^{2}xyx^{-1} L=17 class=
ms0158 -1 2 2 2 2 1 -2 -2 -2 -2 -2 | 1 1 2 -1 -2 -2  # n=4 w=y^{2}xy^{-1}x^{-1} L=17 class=
ms0164 -1 2 2 2 1 -2 -2 -2 -2 | 1 2 -1 2 2 1  # n=3 w=x^{-1}y^{-2}xy^{-1} L=15 class=
ms0165 -1 2 2 2 2 1 -2 -2 -2 -2 -2 | 1 2 -1 2 2 1  # n=4 w=x^{-1}y^{-2}xy^{-1} L=17 class=
ms0171 -1 2 2 2 1 -2 -2 -2 -2 | 1 1 -2 -2 -1 -2  # n=3 w=yxy^{2}x^{-1} L=15 class=
ms0178 -1 2 2 2 1 -2 -2 -2 -2 | 1 2 1 2 -1 -2  # n=3 w=yxy^{-1}x^{-1}y^{-1} L=15 class=
ms0179 -1 2 2 2 2 1 -2 -2 -2 -2 -2 | 1 2 1 2 -1 -2  # n=4 w=yxy^{-1}x^{-1}y^{-1} L=17 class=
ms0180 -1 2 2 2 2 2 1 -2 -2 -2 -2 -2 -2 | 1 2 1 2 -1 -2  # n=5 w=yxy^{-1}x^{-1}y^{-1} L=19 class=
ms0181 -1 2 2 2 2 2 2 1 -2 -2 -2 -2 -2 -2 -2 | 1 2 1 2 -1 -2  # n=6 w=yxy^{-1}x^{-1}y^{-1} L=21 class=
ms0182 -1 2 2 2 2 2 2 2 1 -2 -2 -2 -2 -2 -2 -2 -2 | 1 2 1 2 -1 -2  # n=7 w=yxy^{-1}x^{-1}y^{-1} L=23 class=
ms0207 -1 2 2 2 2 1 -2 -2 -2 -2 -2 | 1 -2 -1 2 2 1  # n=4 w=x^{-1}y^{-2}xy L=17 class=
ms0215 -1 2 2 2 2 2 1 -2 -2 -2 -2 -2 -2 | 1 -2 -2 -1 2 1 -2  # n=5 w=yx^{-1}y^{-1}xy^{2} L=20 class=
ms0222 -1 2 2 2 2 2 1 -2 -2 -2 -2 -2 -2 | 1 -2 1 2 2 -1 -2  # n=5 w=yxy^{-2}x^{-1}y L=20 class=
ms0227 -1 2 2 2 1 -2 -2 -2 -2 | 1 2 1 2 2 -1 2  # n=3 w=y^{-1}xy^{-2}x^{-1}y^{-1} L=16 class=
ms0233 -1 2 2 1 -2 -2 -2 | 1 2 2 1 2 -1 2  # n=2 w=y^{-1}xy^{-1}x^{-1}y^{-2} L=14 class=
ms0252 -1 2 2 2 2 2 2 2 1 -2 -2 -2 -2 -2 -2 -2 -2 | 1 1 2 2 -1 -2 -2  # n=7 w=y^{2}xy^{-2}x^{-1} L=24 class=
ms0257 -1 2 2 2 2 2 1 -2 -2 -2 -2 -2 -2 | 1 2 1 -2 -2 -1 2  # n=5 w=y^{-1}xy^{2}x^{-1}y^{-1} L=20 class=
ms0270 -1 2 2 2 2 1 -2 -2 -2 -2 -2 | 1 -2 1 2 -1 -2 -2  # n=4 w=y^{2}xy^{-1}x^{-1}y L=18 class=
ms0290 -1 2 2 2 1 -2 -2 -2 -2 | 1 2 -1 2 2 1 -2  # n=3 w=yx^{-1}y^{-2}xy^{-1} L=16 class=
ms0291 -1 2 2 2 2 1 -2 -2 -2 -2 -2 | 1 2 -1 2 2 1 -2  # n=4 w=yx^{-1}y^{-2}xy^{-1} L=18 class=
ms0297 -1 2 2 2 1 -2 -2 -2 -2 | 1 -2 -1 2 1 -2 -2  # n=3 w=y^{2}x^{-1}y^{-1}xy L=16 class=
ms0298 -1 2 2 2 2 1 -2 -2 -2 -2 -2 | 1 -2 -1 2 1 -2 -2  # n=4 w=y^{2}x^{-1}y^{-1}xy L=18 class=
ms0299 -1 2 2 2 2 2 1 -2 -2 -2 -2 -2 -2 | 1 -2 -1 2 1 -2 -2  # n=5 w=y^{2}x^{-1}y^{-1}xy L=20 class=
ms0300 -1 2 2 2 2 2 2 1 -2 -2 -2 -2 -2 -2 -2 | 1 -2 -1 2 1 -2 -2  # n=6 w=y^{2}x^{-1}y^{-1}xy L=22 class=
ms0301 -1 2 2 2 2 2 2 2 1 -2 -2 -2 -2 -2 -2 -2 -2 | 1 -2 -1 2 1 -2 -2  # n=7 w=y^{2}x^{-1}y^{-1}xy L=24 class=
ms0311 -1 2 2 2 1 -2 -2 -2 -2 | 1 -2 -2 1 2 -1 -2  # n=3 w=yxy^{-1}x^{-1}y^{2} L=16 class=
ms0312 -1 2 2 2 2 1 -2 -2 -2 -2 -2 | 1 -2 -2 1 2 -1 -2  # n=4 w=yxy^{-1}x^{-1}y^{2} L=18 class=
ms0313 -1 2 2 2 2 2 1 -2 -2 -2 -2 -2 -2 | 1 -2 -2 1 2 -1 -2  # n=5 w=yxy^{-1}x^{-1}y^{2} L=20 class=
ms0314 -1 2 2 2 2 2 2 1 -2 -2 -2 -2 -2 -2 -2 | 1 -2 -2 1 2 -1 -2  # n=6 w=yxy^{-1}x^{-1}y^{2} L=22 class=
ms0315 -1 2 2 2 2 2 2 2 1 -2 -2 -2 -2 -2 -2 -2 -2 | 1 -2 -2 1 2 -1 -2  # n=7 w=yxy^{-1}x^{-1}y^{2} L=24 class=
ms0318 -1 2 2 2 1 -2 -2 -2 -2 | 1 2 2 1 -2 -1 2  # n=3 w=y^{-1}xyx^{-1}y^{-2} L=16 class=
ms0319 -1 2 2 2 2 1 -2 -2 -2 -2 -2 | 1 2 2 1 -2 -1 2  # n=4 w=y^{-1}xyx^{-1}y^{-2} L=18 class=
ms0320 -1 2 2 2 2 2 1 -2 -2 -2 -2 -2 -2 | 1 2 2 1 -2 -1 2  # n=5 w=y^{-1}xyx^{-1}y^{-2} L=20 class=
ms0321 -1 2 2 2 2 2 2 1 -2 -2 -2 -2 -2 -2 -2 | 1 2 2 1 -2 -1 2  # n=6 w=y^{-1}xyx^{-1}y^{-2} L=22 class=
ms0322 -1 2 2 2 2 2 2 2 1 -2 -2 -2 -2 -2 -2 -2 -2 | 1 2 2 1 -2 -1 2  # n=7 w=y^{-1}xyx^{-1}y^{-2} L=24 class=
ms0327 -1 2 2 2 2 2 1 -2 -2 -2 -2 -2 -2 | 1 2 1 2 2 -1 -2  # n=5 w=yxy^{-2}x^{-1}y^{-1} L=20 class=
ms0332 -1 2 2 2 1 -2 -2 -2 -2 | 1 2 1 -2 -1 -2 -2  # n=3 w=y^{2}xyx^{-1}y^{-1} L=16 class=
ms0333 -1 2 2 2 2 1 -2 -2 -2 -2 -2 | 1 2 1 -2 -1 -2 -2  # n=4 w=y^{2}xyx^{-1}y^{-1} L=18 class=
ms0339 -1 2 2 2 1 -2 -2 -2 -2 | 1 2 2 -1 2 2 1  # n=3 w=x^{-1}y^{-2}xy^{-2} L=16 class=
ms0340 -1 2 2 2 2 1 -2 -2 -2 -2 -2 | 1 2 2 -1 2 2 1  # n=4 w=x^{-1}y^{-2}xy^{-2} L=18 class=
ms0373 -1 2 2 1 -2 -2 -2 | 1 -2 -2 1 -2 -1 -2  # n=2 w=yxyx^{-1}y^{2} L=14 class=
ms0380 -1 2 2 1 -2 -2 -2 | 1 1 -2 -1 -2 -2 -2  # n=2 w=y^{3}xyx^{-1} L=14 class=
ms0382 -1 2 2 2 2 1 -2 -2 -2 -2 -2 | 1 1 -2 -1 -2 -2 -2  # n=4 w=y^{3}xyx^{-1} L=18 class=
ms0384 -1 2 2 2 2 2 2 1 -2 -2 -2 -2 -2 -2 -2 | 1 1 -2 -1 -2 -2 -2  # n=6 w=y^{3}xyx^{-1} L=22 class=
ms0387 -1 2 2 1 -2 -2 -2 | 1 2 -1 2 2 2 1  # n=2 w=x^{-1}y^{-3}xy^{-1} L=14 class=
ms0389 -1 2 2 2 2 1 -2 -2 -2 -2 -2 | 1 2 -1 2 2 2 1  # n=4 w=x^{-1}y^{-3}xy^{-1} L=18 class=
ms0391 -1 2 2 2 2 2 2 1 -2 -2 -2 -2 -2 -2 -2 | 1 2 -1 2 2 2 1  # n=6 w=x^{-1}y^{-3}xy^{-1} L=22 class=
ms0394 -1 2 2 1 -2 -2 -2 | 1 1 2 -1 -2 -2 -2  # n=2 w=y^{3}xy^{-1}x^{-1} L=14 class=
ms0398 -1 2 2 2 2 2 2 1 -2 -2 -2 -2 -2 -2 -2 | 1 1 2 -1 -2 -2 -2  # n=6 w=y^{3}xy^{-1}x^{-1} L=22 class=
ms0401 -1 2 2 1 -2 -2 -2 | 1 -2 -1 2 2 2 1  # n=2 w=x^{-1}y^{-3}xy L=14 class=
ms0405 -1 2 2 2 2 2 2 1 -2 -2 -2 -2 -2 -2 -2 | 1 -2 -1 2 2 2 1  # n=6 w=x^{-1}y^{-3}xy L=22 class=
ms0411 -1 2 2 2 2 2 1 -2 -2 -2 -2 -2 -2 | 1 1 2 2 2 -1 -2  # n=5 w=yxy^{-3}x^{-1} L=20 class=
ms0427 -1 2 2 2 2 2 2 2 1 -2 -2 -2 -2 -2 -2 -2 -2 | 1 -2 -2 -1 2 2 1  # n=7 w=x^{-1}y^{-2}xy^{2} L=24 class=
ms0430 -1 2 2 2 1 -2 -2 -2 -2 | 1 2 2 1 2 -1 -2  # n=3 w=yxy^{-1}x^{-1}y^{-2} L=16 class=
ms0431 -1 2 2 2 2 1 -2 -2 -2 -2 -2 | 1 2 2 1 2 -1 -2  # n=4 w=yxy^{-1}x^{-1}y^{-2} L=18 class=
ms0432 -1 2 2 2 2 2 1 -2 -2 -2 -2 -2 -2 | 1 2 2 1 2 -1 -2  # n=5 w=yxy^{-1}x^{-1}y^{-2} L=20 class=
ms0433 -1 2 2 2 2 2 2 1 -2 -2 -2 -2 -2 -2 -2 | 1 2 2 1 2 -1 -2  # n=6 w=yxy^{-1}x^{-1}y^{-2} L=22 class=
ms0434 -1 2 2 2 2 2 2 2 1 -2 -2 -2 -2 -2 -2 -2 -2 | 1 2 2 1 2 -1 -2  # n=7 w=yxy^{-1}x^{-1}y^{-2} L=24 class=
ms0451 -1 2 2 2 1 -2 -2 -2 -2 | 1 -2 1 -2 -2 -1 -2  # n=3 w=yxy^{2}x^{-1}y L=16 class=
ms0460 -1 2 2 2 2 2 1 -2 -2 -2 -2 -2 -2 | 1 -2 -2 -2 -1 2 1  # n=5 w=x^{-1}y^{-1}xy^{3} L=20 class=
ms0465 -1 2 2 2 1 -2 -2 -2 -2 | 1 1 -2 -2 -1 -2 -2  # n=3 w=y^{2}xy^{2}x^{-1} L=16 class=
ms0466 -1 2 2 2 2 1 -2 -2 -2 -2 -2 | 1 1 -2 -2 -1 -2 -2  # n=4 w=y^{2}xy^{2}x^{-1} L=18 class=
ms0473 -1 2 2 2 2 1 -2 -2 -2 -2 -2 | 1 -2 -1 2 2 1 2  # n=4 w=y^{-1}x^{-1}y^{-2}xy L=18 class=
ms0479 -1 2 2 2 1 -2 -2 -2 -2 | 1 1 -2 -2 -2 -1 -2  # n=3 w=yxy^{3}x^{-1} L=16 class=
ms0481 -1 2 2 2 2 2 1 -2 -2 -2 -2 -2 -2 | 1 1 -2 -2 -2 -1 -2  # n=5 w=yxy^{3}x^{-1} L=20 class=
ms0486 -1 2 2 2 1 -2 -2 -2 -2 | 1 2 2 2 -1 2 1  # n=3 w=x^{-1}y^{-1}xy^{-3} L=16 class=
ms0488 -1 2 2 2 2 2 1 -2 -2 -2 -2 -2 -2 | 1 2 2 2 -1 2 1  # n=5 w=x^{-1}y^{-1}xy^{-3} L=20 class=
ms0493 -1 2 2 2 1 -2 -2 -2 -2 | 1 -2 1 -2 -1 -2 -2  # n=3 w=y^{2}xyx^{-1}y L=16 class=
ms0494 -1 2 2 2 2 1 -2 -2 -2 -2 -2 | 1 -2 1 -2 -1 -2 -2  # n=4 w=y^{2}xyx^{-1}y L=18 class=
ms0500 -1 2 2 2 1 -2 -2 -2 -2 | 1 2 -1 2 2 1 2  # n=3 w=y^{-1}x^{-1}y^{-2}xy^{-1} L=16 class=
ms0501 -1 2 2 2 2 1 -2 -2 -2 -2 -2 | 1 2 -1 2 2 1 2  # n=4 w=y^{-1}x^{-1}y^{-2}xy^{-1} L=18 class=
ms0513 -1 2 2 1 -2 -2 -2 | 1 1 -2 -2 -2 -2 -1 -2  # n=2 w=yxy^{4}x^{-1} L=15 class=
ms0515 -1 2 2 2 2 1 -2 -2 -2 -2 -2 | 1 1 -2 -2 -2 -2 -1 -2  # n=4 w=yxy^{4}x^{-1} L=19 class=
ms0516 -1 2 2 2 2 2 1 -2 -2 -2 -2 -2 -2 | 1 1 -2 -2 -2 -2 -1 -2  # n=5 w=yxy^{4}x^{-1} L=21 class=
ms0518 -1 2 2 2 2 2 2 2 1 -2 -2 -2 -2 -2 -2 -2 -2 | 1 1 -2 -2 -2 -2 -1 -2  # n=7 w=yxy^{4}x^{-1} L=25 class=
ms0521 -1 2 2 2 1 -2 -2 -2 -2 | 1 -2 1 -2 -2 -2 -1 -2  # n=3 w=yxy^{3}x^{-1}y L=17 class=
ms0523 -1 2 2 2 2 2 1 -2 -2 -2 -2 -2 -2 | 1 -2 1 -2 -2 -2 -1 -2  # n=5 w=yxy^{3}x^{-1}y L=21 class=
ms0541 -1 2 2 1 -2 -2 -2 | 1 -2 -2 1 -2 -2 -1 -2  # n=2 w=yxy^{2}x^{-1}y^{2} L=15 class=
ms0542 -1 2 2 2 1 -2 -2 -2 -2 | 1 -2 -2 1 -2 -2 -1 -2  # n=3 w=yxy^{2}x^{-1}y^{2} L=17 class=
ms0555 -1 2 2 1 -2 -2 -2 | 1 -2 -2 -2 1 -2 -1 -2  # n=2 w=yxyx^{-1}y^{3} L=15 class=
ms0563 -1 2 2 2 1 -2 -2 -2 -2 | 1 2 1 -2 -2 -2 -1 -2  # n=3 w=yxy^{3}x^{-1}y^{-1} L=17 class=
ms0565 -1 2 2 2 2 2 1 -2 -2 -2 -2 -2 -2 | 1 2 1 -2 -2 -2 -1 -2  # n=5 w=yxy^{3}x^{-1}y^{-1} L=21 class=
ms0569 -1 2 2 1 -2 -2 -2 | 1 2 -1 -1 2 2 1 1  # n=2 w=x^{-2}y^{-2}x^{2}y^{-1} L=15 class=
ms0586 -1 2 2 2 2 2 1 -2 -2 -2 -2 -2 -2 | 1 1 -2 -1 -2 -2 -2 -2  # n=5 w=y^{4}xyx^{-1} L=21 class=
ms0591 -1 2 2 2 1 -2 -2 -2 -2 | 1 1 2 -1 -2 -2 -2 -2  # n=3 w=y^{4}xy^{-1}x^{-1} L=17 class=
ms0597 -1 2 2 1 -2 -2 -2 | 1 1 -2 -2 -1 -2 -2 -2  # n=2 w=y^{3}xy^{2}x^{-1} L=15 class=
ms0600 -1 2 2 2 2 2 1 -2 -2 -2 -2 -2 -2 | 1 1 -2 -2 -1 -2 -2 -2  # n=5 w=y^{3}xy^{2}x^{-1} L=21 class=
ms0601 -1 2 2 2 2 2 2 1 -2 -2 -2 -2 -2 -2 -2 | 1 1 -2 -2 -1 -2 -2 -2  # n=6 w=y^{3}xy^{2}x^{-1} L=23 class=
ms0604 -1 2 2 1 -2 -2 -2 | 1 -2 1 -2 -1 -2 -2 -2  # n=2 w=y^{3}xyx^{-1}y L=15 class=
ms0606 -1 2 2 2 2 1 -2 -2 -2 -2 -2 | 1 -2 1 -2 -1 -2 -2 -2  # n=4 w=y^{3}xyx^{-1}y L=19 class=
ms0608 -1 2 2 2 2 2 2 1 -2 -2 -2 -2 -2 -2 -2 | 1 -2 1 -2 -1 -2 -2 -2  # n=6 w=y^{3}xyx^{-1}y L=23 class=
ms0611 -1 2 2 1 -2 -2 -2 | 1 2 1 -2 -1 -2 -2 -2  # n=2 w=y^{3}xyx^{-1}y^{-1} L=15 class=
ms0613 -1 2 2 2 2 1 -2 -2 -2 -2 -2 | 1 2 1 -2 -1 -2 -2 -2  # n=4 w=y^{3}xyx^{-1}y^{-1} L=19 class=
ms0615 -1 2 2 2 2 2 2 1 -2 -2 -2 -2 -2 -2 -2 | 1 2 1 -2 -1 -2 -2 -2  # n=6 w=y^{3}xyx^{-1}y^{-1} L=23 class=
ms0618 -1 2 2 1 -2 -2 -2 | 1 1 2 2 -1 -2 -2 -2  # n=2 w=y^{3}xy^{-2}x^{-1} L=15 class=
ms0629 -1 2 2 2 2 2 2 1 -2 -2 -2 -2 -2 -2 -2 | 1 -2 1 2 -1 -2 -2 -2  # n=6 w=y^{3}xy^{-1}x^{-1}y L=23 class=
ms0636 -1 2 2 2 2 2 2 1 -2 -2 -2 -2 -2 -2 -2 | 1 2 1 2 -1 -2 -2 -2  # n=6 w=y^{3}xy^{-1}x^{-1}y^{-1} L=23 class=
ms0639 -1 2 2 1 -2 -2 -2 | 1 -2 -1 2 1 -2 -2 -2  # n=2 w=y^{3}x^{-1}y^{-1}xy L=15 class=
ms0640 -1 2 2 2 1 -2 -2 -2 -2 | 1 -2 -1 2 1 -2 -2 -2  # n=3 w=y^{3}x^{-1}y^{-1}xy L=17 class=
ms0641 -1 2 2 2 2 1 -2 -2 -2 -2 -2 | 1 -2 -1 2 1 -2 -2 -2  # n=4 w=y^{3}x^{-1}y^{-1}xy L=19 class=
ms0642 -1 2 2 2 2 2 1 -2 -2 -2 -2 -2 -2 | 1 -2 -1 2 1 -2 -2 -2  # n=5 w=y^{3}x^{-1}y^{-1}xy L=21 class=
ms0643 -1 2 2 2 2 2 2 1 -2 -2 -2 -2 -2 -2 -2 | 1 -2 -1 2 1 -2 -2 -2  # n=6 w=y^{3}x^{-1}y^{-1}xy L=23 class=
ms0644 -1 2 2 2 2 2 2 2 1 -2 -2 -2 -2 -2 -2 -2 -2 | 1 -2 -1 2 1 -2 -2 -2  # n=7 w=y^{3}x^{-1}y^{-1}xy L=25 class=
ms0655 -1 2 2 2 2 1 -2 -2 -2 -2 -2 | 1 1 -2 -2 -2 -1 -2 -2  # n=4 w=y^{2}xy^{3}x^{-1} L=19 class=
ms0656 -1 2 2 2 2 2 1 -2 -2 -2 -2 -2 -2 | 1 1 -2 -2 -2 -1 -2 -2  # n=5 w=y^{2}xy^{3}x^{-1} L=21 class=
ms0661 -1 2 2 2 1 -2 -2 -2 -2 | 1 -2 1 -2 -2 -1 -2 -2  # n=3 w=y^{2}xy^{2}x^{-1}y L=17 class=
ms0662 -1 2 2 2 2 1 -2 -2 -2 -2 -2 | 1 -2 1 -2 -2 -1 -2 -2  # n=4 w=y^{2}xy^{2}x^{-1}y L=19 class=
ms0669 -1 2 2 2 2 1 -2 -2 -2 -2 -2 | 1 2 1 -2 -2 -1 -2 -2  # n=4 w=y^{2}xy^{2}x^{-1}y^{-1} L=19 class=
ms0675 -1 2 2 2 1 -2 -2 -2 -2 | 1 -2 -2 1 -2 -1 -2 -2  # n=3 w=y^{2}xyx^{-1}y^{2} L=17 class=
ms0676 -1 2 2 2 2 1 -2 -2 -2 -2 -2 | 1 -2 -2 1 -2 -1 -2 -2  # n=4 w=y^{2}xyx^{-1}y^{2} L=19 class=
ms0682 -1 2 2 2 1 -2 -2 -2 -2 | 1 2 2 1 -2 -1 -2 -2  # n=3 w=y^{2}xyx^{-1}y^{-2} L=17 class=
ms0683 -1 2 2 2 2 1 -2 -2 -2 -2 -2 | 1 2 2 1 -2 -1 -2 -2  # n=4 w=y^{2}xyx^{-1}y^{-2} L=19 class=
ms0688 -1 2 2 1 -2 -2 -2 | 1 1 1 -2 -1 -1 -2 -2  # n=2 w=y^{2}x^{2}yx^{-2} L=15 class=
ms0706 -1 2 2 2 2 2 2 1 -2 -2 -2 -2 -2 -2 -2 | 1 1 2 2 2 -1 -2 -2  # n=6 w=y^{2}xy^{-3}x^{-1} L=23 class=
ms0712 -1 2 2 2 2 2 1 -2 -2 -2 -2 -2 -2 | 1 2 1 2 2 -1 -2 -2  # n=5 w=y^{2}xy^{-2}x^{-1}y^{-1} L=21 class=
ms0713 -1 2 2 2 2 2 2 1 -2 -2 -2 -2 -2 -2 -2 | 1 2 1 2 2 -1 -2 -2  # n=6 w=y^{2}xy^{-2}x^{-1}y^{-1} L=23 class=
ms0714 -1 2 2 2 2 2 2 2 1 -2 -2 -2 -2 -2 -2 -2 -2 | 1 2 1 2 2 -1 -2 -2  # n=7 w=y^{2}xy^{-2}x^{-1}y^{-1} L=25 class=
ms0718 -1 2 2 2 2 1 -2 -2 -2 -2 -2 | 1 -2 -2 1 2 -1 -2 -2  # n=4 w=y^{2}xy^{-1}x^{-1}y^{2} L=19 class=
ms0733 -1 2 2 2 2 2 1 -2 -2 -2 -2 -2 -2 | 1 -2 -2 -1 2 1 -2 -2  # n=5 w=y^{2}x^{-1}y^{-1}xy^{2} L=21 class=
ms0745 -1 2 2 2 1 -2 -2 -2 -2 | 1 2 -1 2 2 1 -2 -2  # n=3 w=y^{2}x^{-1}y^{-2}xy^{-1} L=17 class=
ms0754 -1 2 2 2 2 2 1 -2 -2 -2 -2 -2 -2 | 1 -2 1 2 2 -1 -2 -2  # n=5 w=y^{2}xy^{-2}x^{-1}y L=21 class=
ms0755 -1 2 2 2 2 2 2 1 -2 -2 -2 -2 -2 -2 -2 | 1 -2 1 2 2 -1 -2 -2  # n=6 w=y^{2}xy^{-2}x^{-1}y L=23 class=
ms0756 -1 2 2 2 2 2 2 2 1 -2 -2 -2 -2 -2 -2 -2 -2 | 1 -2 1 2 2 -1 -2 -2  # n=7 w=y^{2}xy^{-2}x^{-1}y L=25 class=
ms0759 -1 2 2 2 1 -2 -2 -2 -2 | 1 -2 -2 -2 1 2 -1 -2  # n=3 w=yxy^{-1}x^{-1}y^{3} L=17 class=
ms0760 -1 2 2 2 2 1 -2 -2 -2 -2 -2 | 1 -2 -2 -2 1 2 -1 -2  # n=4 w=yxy^{-1}x^{-1}y^{3} L=19 class=
ms0761 -1 2 2 2 2 2 1 -2 -2 -2 -2 -2 -2 | 1 -2 -2 -2 1 2 -1 -2  # n=5 w=yxy^{-1}x^{-1}y^{3} L=21 class=
ms0762 -1 2 2 2 2 2 2 1 -2 -2 -2 -2 -2 -2 -2 | 1 -2 -2 -2 1 2 -1 -2  # n=6 w=yxy^{-1}x^{-1}y^{3} L=23 class=
ms0763 -1 2 2 2 2 2 2 2 1 -2 -2 -2 -2 -2 -2 -2 -2 | 1 -2 -2 -2 1 2 -1 -2  # n=7 w=yxy^{-1}x^{-1}y^{3} L=25 class=
ms0772 -1 2 2 1 -2 -2 -2 | 1 2 2 2 1 2 -1 2  # n=2 w=y^{-1}xy^{-1}x^{-1}y^{-3} L=15 class=
ms0781 -1 2 2 2 2 1 -2 -2 -2 -2 -2 | 1 2 2 1 -2 -1 2 2  # n=4 w=y^{-2}xyx^{-1}y^{-2} L=19 class=
ms0787 -1 2 2 2 1 -2 -2 -2 -2 | 1 2 2 1 2 -1 2 2  # n=3 w=y^{-2}xy^{-1}x^{-1}y^{-2} L=17 class=
ms0788 -1 2 2 2 2 1 -2 -2 -2 -2 -2 | 1 2 2 1 2 -1 2 2  # n=4 w=y^{-2}xy^{-1}x^{-1}y^{-2} L=19 class=
ms0803 -1 2 2 2 2 2 1 -2 -2 -2 -2 -2 -2 | 1 -2 -2 -1 2 2 1 2  # n=5 w=y^{-1}x^{-1}y^{-2}xy^{2} L=21 class=
ms0804 -1 2 2 2 2 2 2 1 -2 -2 -2 -2 -2 -2 -2 | 1 -2 -2 -1 2 2 1 2  # n=6 w=y^{-1}x^{-1}y^{-2}xy^{2} L=23 class=
ms0805 -1 2 2 2 2 2 2 2 1 -2 -2 -2 -2 -2 -2 -2 -2 | 1 -2 -2 -1 2 2 1 2  # n=7 w=y^{-1}x^{-1}y^{-2}xy^{2} L=25 class=
ms0808 -1 2 2 2 1 -2 -2 -2 -2 | 1 2 2 -1 2 2 1 2  # n=3 w=y^{-1}x^{-1}y^{-2}xy^{-2} L=17 class=
ms0809 -1 2 2 2 2 1 -2 -2 -2 -2 -2 | 1 2 2 -1 2 2 1 2  # n=4 w=y^{-1}x^{-1}y^{-2}xy^{-2} L=19 class=
ms0818 -1 2 2 2 2 2 2 1 -2 -2 -2 -2 -2 -2 -2 | 1 -2 -1 2 2 2 1 2  # n=6 w=y^{-1}x^{-1}y^{-3}xy L=23 class=
ms0821 -1 2 2 1 -2 -2 -2 | 1 2 -1 2 2 2 1 2  # n=2 w=y^{-1}x^{-1}y^{-3}xy^{-1} L=15 class=
ms0823 -1 2 2 2 2 1 -2 -2 -2 -2 -2 | 1 2 -1 2 2 2 1 2  # n=4 w=y^{-1}x^{-1}y^{-3}xy^{-1} L=19 class=
ms0825 -1 2 2 2 2 2 2 1 -2 -2 -2 -2 -2 -2 -2 | 1 2 -1 2 2 2 1 2  # n=6 w=y^{-1}x^{-1}y^{-3}xy^{-1} L=23 class=
ms0828 -1 2 2 1 -2 -2 -2 | 1 -2 -2 -2 -2 -1 2 1  # n=2 w=x^{-1}y^{-1}xy^{4} L=15 class=
ms0833 -1 2 2 2 2 2 2 2 1 -2 -2 -2 -2 -2 -2 -2 -2 | 1 -2 -2 -2 -2 -1 2 1  # n=7 w=x^{-1}y^{-1}xy^{4} L=25 class=
ms0849 -1 2 2 1 -2 -2 -2 | 1 2 2 2 2 -1 2 1  # n=2 w=x^{-1}y^{-1}xy^{-4} L=15 class=
ms0851 -1 2 2 2 2 1 -2 -2 -2 -2 -2 | 1 2 2 2 2 -1 2 1  # n=4 w=x^{-1}y^{-1}xy^{-4} L=19 class=
ms0852 -1 2 2 2 2 2 1 -2 -2 -2 -2 -2 -2 | 1 2 2 2 2 -1 2 1  # n=5 w=x^{-1}y^{-1}xy^{-4} L=21 class=
ms0854 -1 2 2 2 2 2 2 2 1 -2 -2 -2 -2 -2 -2 -2 -2 | 1 2 2 2 2 -1 2 1  # n=7 w=x^{-1}y^{-1}xy^{-4} L=25 class=
ms0860 -1 2 2 2 2 2 2 1 -2 -2 -2 -2 -2 -2 -2 | 1 -2 -2 -2 -1 2 2 1  # n=6 w=x^{-1}y^{-2}xy^{3} L=23 class=
ms0865 -1 2 2 2 2 1 -2 -2 -2 -2 -2 | 1 2 2 2 -1 2 2 1  # n=4 w=x^{-1}y^{-2}xy^{-3} L=19 class=
ms0866 -1 2 2 2 2 2 1 -2 -2 -2 -2 -2 -2 | 1 2 2 2 -1 2 2 1  # n=5 w=x^{-1}y^{-2}xy^{-3} L=21 class=
ms0877 -1 2 2 1 -2 -2 -2 | 1 2 2 -1 2 2 2 1  # n=2 w=x^{-1}y^{-3}xy^{-2} L=15 class=
ms0880 -1 2 2 2 2 2 1 -2 -2 -2 -2 -2 -2 | 1 2 2 -1 2 2 2 1  # n=5 w=x^{-1}y^{-3}xy^{-2} L=21 class=
ms0881 -1 2 2 2 2 2 2 1 -2 -2 -2 -2 -2 -2 -2 | 1 2 2 -1 2 2 2 1  # n=6 w=x^{-1}y^{-3}xy^{-2} L=23 class=
ms0885 -1 2 2 2 1 -2 -2 -2 -2 | 1 -2 -1 2 2 2 2 1  # n=3 w=x^{-1}y^{-4}xy L=17 class=
ms0894 -1 2 2 2 2 2 1 -2 -2 -2 -2 -2 -2 | 1 2 -1 2 2 2 2 1  # n=5 w=x^{-1}y^{-4}xy^{-1} L=21 class=
ms0962 -1 2 2 2 1 -2 -2 -2 -2 | 1 2 2 1 2 2 -1 2  # n=3 w=y^{-1}xy^{-2}x^{-1}y^{-2} L=17 class=
ms0976 -1 2 2 2 1 -2 -2 -2 -2 | 1 2 1 2 2 2 -1 2  # n=3 w=y^{-1}xy^{-3}x^{-1}y^{-1} L=17 class=
ms0978 -1 2 2 2 2 2 1 -2 -2 -2 -2 -2 -2 | 1 2 1 2 2 2 -1 2  # n=5 w=y^{-1}xy^{-3}x^{-1}y^{-1} L=21 class=
ms0982 -1 2 2 1 -2 -2 -2 | 1 2 2 1 -2 -2 -1 2  # n=2 w=y^{-1}xy^{2}x^{-1}y^{-2} L=15 class=
ms0985 -1 2 2 2 2 2 1 -2 -2 -2 -2 -2 -2 | 1 2 2 1 -2 -2 -1 2  # n=5 w=y^{-1}xy^{2}x^{-1}y^{-2} L=21 class=
ms1059 -1 2 2 1 -2 -2 -2 | 1 1 2 2 2 2 -1 -2  # n=2 w=yxy^{-4}x^{-1} L=15 class=
ms1064 -1 2 2 2 2 2 2 2 1 -2 -2 -2 -2 -2 -2 -2 -2 | 1 1 2 2 2 2 -1 -2  # n=7 w=yxy^{-4}x^{-1} L=25 class=
ms1076 -1 2 2 2 2 2 1 -2 -2 -2 -2 -2 -2 | 1 2 1 2 2 2 -1 -2  # n=5 w=yxy^{-3}x^{-1}y^{-1} L=21 class=
ms1080 -1 2 2 1 -2 -2 -2 | 1 -2 -2 1 2 2 -1 -2  # n=2 w=yxy^{-2}x^{-1}y^{2} L=15 class=
ms1083 -1 2 2 2 2 2 1 -2 -2 -2 -2 -2 -2 | 1 -2 -2 1 2 2 -1 -2  # n=5 w=yxy^{-2}x^{-1}y^{2} L=21 class=
ms1090 -1 2 2 2 2 2 1 -2 -2 -2 -2 -2 -2 | 1 2 2 1 2 2 -1 -2  # n=5 w=yxy^{-2}x^{-1}y^{-2} L=21 class=
ms1094 -1 2 2 1 -2 -2 -2 | 1 2 2 2 1 2 -1 -2  # n=2 w=yxy^{-1}x^{-1}y^{-3} L=15 class=
ms1095 -1 2 2 2 1 -2 -2 -2 -2 | 1 2 2 2 1 2 -1 -2  # n=3 w=yxy^{-1}x^{-1}y^{-3} L=17 class=
ms1096 -1 2 2 2 2 1 -2 -2 -2 -2 -2 | 1 2 2 2 1 2 -1 -2  # n=4 w=yxy^{-1}x^{-1}y^{-3} L=19 class=
ms1097 -1 2 2 2 2 2 1 -2 -2 -2 -2 -2 -2 | 1 2 2 2 1 2 -1 -2  # n=5 w=yxy^{-1}x^{-1}y^{-3} L=21 class=
ms1098 -1 2 2 2 2 2 2 1 -2 -2 -2 -2 -2 -2 -2 | 1 2 2 2 1 2 -1 -2  # n=6 w=yxy^{-1}x^{-1}y^{-3} L=23 class=
ms1099 -1 2 2 2 2 2 2 2 1 -2 -2 -2 -2 -2 -2 -2 -2 | 1 2 2 2 1 2 -1 -2  # n=7 w=yxy^{-1}x^{-1}y^{-3} L=25 class=
ms1104 -1 2 2 2 2 2 1 -2 -2 -2 -2 -2 -2 | 1 -2 -2 -2 -1 2 1 -2  # n=5 w=yx^{-1}y^{-1}xy^{3} L=21 class=
ms1123 -1 2 2 2 1 -2 -2 -2 -2 | 1 2 2 2 -1 2 1 -2  # n=3 w=yx^{-1}y^{-1}xy^{-3} L=17 class=
ms1125 -1 2 2 2 2 2 1 -2 -2 -2 -2 -2 -2 | 1 2 2 2 -1 2 1 -2  # n=5 w=yx^{-1}y^{-1}xy^{-3} L=21 class=
ms1132 -1 2 2 2 2 2 1 -2 -2 -2 -2 -2 -2 | 1 -2 -2 -1 2 2 1 -2  # n=5 w=yx^{-1}y^{-2}xy^{2} L=21 class=
ms1133 -1 2 2 2 2 2 2 1 -2 -2 -2 -2 -2 -2 -2 | 1 -2 -2 -1 2 2 1 -2  # n=6 w=yx^{-1}y^{-2}xy^{2} L=23 class=
ms1134 -1 2 2 2 2 2 2 2 1 -2 -2 -2 -2 -2 -2 -2 -2 | 1 -2 -2 -1 2 2 1 -2  # n=7 w=yx^{-1}y^{-2}xy^{2} L=25 class=
ms1138 -1 2 2 2 2 1 -2 -2 -2 -2 -2 | 1 2 2 -1 2 2 1 -2  # n=4 w=yx^{-1}y^{-2}xy^{-2} L=19 class=
ms1147 -1 2 2 2 2 2 2 1 -2 -2 -2 -2 -2 -2 -2 | 1 -2 -1 2 2 2 1 -2  # n=6 w=yx^{-1}y^{-3}xy L=23 class=
ms1150 -1 2 2 1 -2 -2 -2 | 1 2 -1 2 2 2 1 -2  # n=2 w=yx^{-1}y^{-3}xy^{-1} L=15 class=
ms1152 -1 2 2 2 2 1 -2 -2 -2 -2 -2 | 1 2 -1 2 2 2 1 -2  # n=4 w=yx^{-1}y^{-3}xy^{-1} L=19 class=
ms1154 -1 2 2 2 2 2 2 1 -2 -2 -2 -2 -2 -2 -2 | 1 2 -1 2 2 2 1 -2  # n=6 w=yx^{-1}y^{-3}xy^{-1} L=23 class=
ms1179 -1 2 2 2 1 -2 -2 -2 -2 | 1 2 2 2 1 -2 -1 2  # n=3 w=y^{-1}xyx^{-1}y^{-3} L=17 class=
ms1180 -1 2 2 2 2 1 -2 -2 -2 -2 -2 | 1 2 2 2 1 -2 -1 2  # n=4 w=y^{-1}xyx^{-1}y^{-3} L=19 class=
ms1181 -1 2 2 2 2 2 1 -2 -2 -2 -2 -2 -2 | 1 2 2 2 1 -2 -1 2  # n=5 w=y^{-1}xyx^{-1}y^{-3} L=21 class=
ms1182 -1 2 2 2 2 2 2 1 -2 -2 -2 -2 -2 -2 -2 | 1 2 2 2 1 -2 -1 2  # n=6 w=y^{-1}xyx^{-1}y^{-3} L=23 class=
ms1183 -1 2 2 2 2 2 2 2 1 -2 -2 -2 -2 -2 -2 -2 -2 | 1 2 2 2 1 -2 -1 2  # n=7 w=y^{-1}xyx^{-1}y^{-3} L=25 class=
